1 0.024591 0.619420 0.065379 0.618525 0.049752 0.647620 0.007134 0.648293
1 0.066555 0.617407 0.107010 0.616734 0.092405 0.646949 0.050609 0.647397
1 0.108520 0.618077 0.148303 0.616511 0.136216 0.646279 0.094756 0.645383
1 0.149142 0.617407 0.189427 0.615615 0.179860 0.645606 0.136888 0.645383
1 0.006444 0.648963 0.048763 0.648068 0.029626 0.680297 0.000000 0.679988 0.000000 0.659107
1 0.048763 0.648068 0.090542 0.647397 0.074276 0.680297 0.029962 0.680967
1 0.092069 0.647620 0.131685 0.645831 0.120102 0.678058 0.074948 0.679401
1 0.135041 0.646724 0.178014 0.646501 0.165760 0.677613 0.122284 0.676940
1 0.029626 0.681415 0.073588 0.679401 0.058163 0.712526 0.010154 0.713422
1 0.074276 0.679626 0.119262 0.677387 0.105162 0.713422 0.057827 0.714092
1 0.121108 0.678283 0.165591 0.677835 0.153842 0.712079 0.106169 0.711631
1 0.007132 0.716779 0.055309 0.715884 0.037011 0.753707 -0.000000 0.752658 0.000000 0.731319
1 0.057658 0.715659 0.104826 0.713870 0.088712 0.753484 0.038522 0.753932
1 0.106674 0.713870 0.154177 0.712974 0.140244 0.750350 0.089720 0.753484
1 0.363446 0.707783 0.383421 0.708228 0.382583 0.725462 0.361264 0.726358
1 0.401888 0.708676 0.421191 0.707780 0.419847 0.723896 0.400880 0.724792
1 0.439486 0.708676 0.459463 0.707557 0.457951 0.723896 0.438648 0.723896
1 0.476825 0.708168 0.496900 0.708278 0.496739 0.722967 0.476986 0.723398
1 0.515217 0.707567 0.535268 0.707723 0.535618 0.723264 0.516268 0.722955
1 0.553220 0.708034 0.572804 0.707411 0.574086 0.722955 0.554036 0.723886
1 0.590056 0.708034 0.611038 0.706789 0.612669 0.722644 0.591920 0.723111
1 0.359948 0.730726 0.380348 0.729638 0.379300 0.745647 0.357733 0.746578
1 0.399348 0.730259 0.419165 0.729171 0.417999 0.746267 0.397951 0.745958
1 0.437933 0.730103 0.458565 0.729483 0.458333 0.745647 0.437699 0.745958
1 0.476868 0.729171 0.497383 0.728860 0.497150 0.744713 0.477333 0.745180
1 0.516146 0.729646 0.535618 0.729792 0.536783 0.745491 0.516967 0.745647
1 0.554968 0.729483 0.575717 0.729171 0.576999 0.744557 0.556017 0.745802
1 0.594368 0.729171 0.613719 0.729327 0.616749 0.745024 0.595650 0.745491
1 0.356218 0.752795 0.376968 0.752330 0.375569 0.771291 0.353071 0.771602
1 0.396318 0.753106 0.417883 0.752486 0.416485 0.769425 0.395036 0.770670
1 0.436069 0.752486 0.458100 0.752174 0.457633 0.770048 0.434786 0.770515
1 0.476751 0.752486 0.498782 0.752174 0.498782 0.770048 0.475585 0.771758
1 0.516972 0.752323 0.538533 0.751863 0.538881 0.769116 0.517434 0.769270
1 0.557299 0.752486 0.578748 0.751863 0.580381 0.769270 0.558349 0.770515
1 0.597516 0.752174 0.618615 0.751863 0.620480 0.768961 0.598915 0.770826
1 0.351439 0.777198 0.374054 0.777354 0.371956 0.796315 0.348991 0.796003
1 0.393870 0.777663 0.415203 0.776420 0.413804 0.795383 0.391656 0.796003
1 0.434903 0.777043 0.456701 0.776731 0.456351 0.795227 0.433852 0.796003
1 0.476401 0.776264 0.498666 0.776420 0.498899 0.794138 0.475702 0.795072
1 0.517899 0.777352 0.539815 0.776109 0.540514 0.794138 0.518366 0.794761
1 0.559282 0.776576 0.581780 0.775644 0.582595 0.794761 0.559282 0.796782
1 0.601363 0.776420 0.622577 0.776264 0.623860 0.794138 0.601828 0.795536
1 0.347243 0.803154 0.370323 0.803465 0.369391 0.823048 0.344445 0.823980
1 0.390490 0.803930 0.414037 0.803309 0.412522 0.825069 0.388042 0.825223
1 0.433969 0.802842 0.456234 0.802687 0.456351 0.823980 0.432455 0.824447
1 0.476284 0.803154 0.499714 0.802375 0.499016 0.823204 0.474303 0.824602
1 0.518833 0.802998 0.542495 0.802531 0.542495 0.823824 0.518482 0.824291
1 0.561846 0.802220 0.584459 0.801600 0.584806 0.823827 0.561853 0.824282
1 0.604159 0.802531 0.626658 0.802220 0.628989 0.821806 0.605442 0.823048
