1 0.024221 0.620024 0.064675 0.618906 0.049400 0.647105 0.007597 0.648443
1 0.066521 0.618458 0.105632 0.617562 0.092540 0.646657 0.050575 0.646657
1 0.108822 0.618010 0.147261 0.618235 0.136351 0.645091 0.094050 0.645539
1 0.148940 0.617114 0.188723 0.616219 0.179826 0.644420 0.138030 0.644420
1 0.003743 0.650687 0.048057 0.650014 0.031103 0.680678 0.000000 0.679191 0.000000 0.657773
1 0.049231 0.649792 0.089350 0.648000 0.074747 0.679334 0.031941 0.679334
1 0.090693 0.647553 0.131651 0.646657 0.119565 0.679782 0.076424 0.678664
1 0.135343 0.648000 0.177308 0.646657 0.165559 0.677991 0.122250 0.677098
1 0.029256 0.680678 0.073236 0.680230 0.057793 0.711564 0.010959 0.712459
1 0.076088 0.679782 0.117047 0.678664 0.103790 0.712237 0.059806 0.711564
1 0.120235 0.678664 0.163879 0.678439 0.150618 0.712907 0.105632 0.710893
1 0.004917 0.716039 0.054603 0.714696 0.036642 0.754761 0.000000 0.751758 0.000000 0.725809
1 0.058464 0.717160 0.103114 0.714696 0.086329 0.753192 0.039328 0.751849
1 0.106471 0.713803 0.151961 0.712907 0.137694 0.750060 0.086832 0.750508
1 0.363416 0.709145 0.383427 0.709274 0.382067 0.724945 0.361085 0.725074
1 0.401009 0.709145 0.421117 0.708625 0.420147 0.724686 0.400330 0.725465
1 0.439283 0.709016 0.459197 0.708108 0.458614 0.725204 0.438992 0.725335
1 0.476877 0.708755 0.496597 0.708625 0.496985 0.723132 0.477071 0.724428
1 0.515345 0.708496 0.534578 0.708755 0.534772 0.723649 0.514955 0.724557
1 0.552938 0.708884 0.572365 0.707979 0.574018 0.723261 0.553326 0.724169
1 0.590726 0.708496 0.610348 0.708238 0.612290 0.723003 0.592182 0.723910
1 0.359434 0.731552 0.379930 0.730515 0.379251 0.746834 0.358073 0.747222
1 0.398678 0.731032 0.419273 0.730773 0.418689 0.746188 0.397610 0.746317
1 0.438312 0.730773 0.458323 0.730903 0.457642 0.744763 0.437340 0.746188
1 0.476584 0.730773 0.497372 0.729868 0.497179 0.745797 0.476487 0.746188
1 0.516024 0.730644 0.536230 0.729868 0.537493 0.746058 0.516898 0.746834
1 0.554978 0.730386 0.575571 0.729868 0.576834 0.745668 0.555463 0.746834
1 0.594028 0.730386 0.614136 0.729739 0.616564 0.745539 0.594707 0.747222
1 0.355548 0.754346 0.376724 0.753312 0.374781 0.771185 0.352439 0.772091
1 0.395765 0.754088 0.416941 0.753441 0.416164 0.771961 0.395181 0.772739
1 0.436659 0.752921 0.457838 0.752663 0.457351 0.770148 0.435106 0.770019
1 0.476683 0.753441 0.498053 0.752921 0.497956 0.769631 0.476293 0.770278
1 0.517092 0.753182 0.538172 0.752404 0.538075 0.770536 0.517286 0.771056
1 0.557114 0.753051 0.578583 0.752275 0.579846 0.770795 0.557504 0.771573
1 0.597525 0.753182 0.618314 0.752792 0.620257 0.769761 0.598303 0.771573
1 0.351176 0.779085 0.373130 0.778439 0.371868 0.797347 0.349330 0.798642
1 0.393822 0.778568 0.415580 0.778048 0.414124 0.795793 0.392073 0.796442
1 0.435106 0.778178 0.456672 0.777919 0.456185 0.796571 0.433552 0.797608
1 0.476780 0.777919 0.498053 0.777790 0.498247 0.795663 0.476586 0.796054
1 0.518355 0.778178 0.539533 0.777273 0.539727 0.794109 0.518842 0.795405
1 0.559544 0.777402 0.581302 0.777402 0.582760 0.795793 0.560417 0.796312
1 0.601022 0.777790 0.622392 0.777273 0.625307 0.794629 0.601606 0.795663
1 0.347195 0.804990 0.370119 0.804990 0.368948 0.825192 0.344474 0.825194
1 0.390129 0.804729 0.412958 0.803954 0.412277 0.824418 0.387798 0.824677
1 0.433260 0.804341 0.455505 0.804212 0.454826 0.824677 0.431609 0.824935
1 0.476099 0.803954 0.498831 0.803824 0.499219 0.824030 0.475321 0.823511
1 0.519133 0.803824 0.541281 0.803175 0.542543 0.823252 0.519619 0.823898
1 0.562069 0.803954 0.584023 0.803305 0.585966 0.820920 0.562847 0.821698
1 0.605005 0.803307 0.627056 0.803046 0.628319 0.819495 0.605587 0.820402
