1 0.023247 0.619420 0.064204 0.618973 0.049097 0.647172 0.008139 0.646279
1 0.065212 0.617854 0.105330 0.617407 0.092405 0.646724 0.049097 0.647620
1 0.107513 0.618077 0.147967 0.617182 0.136049 0.646054 0.094251 0.645606
1 0.148806 0.616286 0.189596 0.615393 0.179691 0.644710 0.137390 0.645383
1 0.005454 0.648515 0.046245 0.648068 0.029626 0.681193 0.000000 0.680383 0.000000 0.658769
1 0.046747 0.647620 0.090559 0.647172 0.073940 0.679179 0.030129 0.680745
1 0.091063 0.646949 0.131013 0.646724 0.120102 0.677387 0.074612 0.679401
1 0.134705 0.646949 0.177342 0.646279 0.165591 0.677613 0.120941 0.677613
1 0.028619 0.680967 0.011498 0.712974 0.056819 0.712079 0.073605 0.679401
1 0.074276 0.679401 0.057827 0.712526 0.103820 0.712079 0.118926 0.678058
1 0.121108 0.679401 0.105497 0.710960 0.152834 0.710960 0.164752 0.678506
1 0.006462 0.716106 0.053797 0.716106 0.036676 0.753259 0.000000 0.752739 0.000000 0.729873
1 0.057491 0.714765 0.104492 0.714540 0.087195 0.751916 0.037850 0.752589
1 0.106169 0.712974 0.089720 0.751023 0.139908 0.750575 0.154177 0.712974
1 0.362899 0.709416 0.382830 0.708484 0.382094 0.725192 0.360955 0.725192
1 0.401832 0.708951 0.421182 0.708017 0.420043 0.724593 0.400144 0.725479
1 0.439134 0.709104 0.458601 0.709107 0.458459 0.724593 0.438919 0.724234
1 0.476203 0.708640 0.496952 0.708173 0.497378 0.723611 0.477011 0.723827
1 0.516182 0.708645 0.534375 0.708645 0.535309 0.723707 0.517241 0.723252
1 0.553143 0.708645 0.572139 0.708017 0.573940 0.723707 0.553412 0.724090
1 0.590440 0.708484 0.610023 0.707706 0.612698 0.724425 0.591559 0.724713
1 0.359400 0.730709 0.379567 0.730864 0.378869 0.748118 0.357536 0.749049
1 0.398335 0.731487 0.418851 0.730709 0.417685 0.747184 0.396004 0.747340
1 0.438156 0.730888 0.457421 0.730350 0.457421 0.746540 0.437588 0.746540
1 0.477011 0.730673 0.497735 0.730673 0.497087 0.746540 0.477416 0.746324
1 0.516435 0.730350 0.536510 0.730350 0.536510 0.745675 0.515948 0.746540
1 0.555048 0.730026 0.575447 0.729811 0.576257 0.746109 0.555533 0.746540
1 0.594228 0.729919 0.614142 0.730026 0.616327 0.746001 0.594935 0.746935
1 0.355334 0.754397 0.376462 0.754073 0.375248 0.771559 0.352259 0.771667
1 0.396214 0.753858 0.416291 0.753966 0.414995 0.771236 0.394434 0.771882
1 0.436205 0.753427 0.457333 0.753211 0.456846 0.770694 0.434908 0.771128
1 0.476437 0.753209 0.498213 0.752993 0.497726 0.771128 0.475788 0.771128
1 0.516830 0.753319 0.538121 0.752778 0.539093 0.770156 0.517155 0.770156
1 0.557064 0.753103 0.578353 0.752562 0.579892 0.770048 0.557548 0.770371
1 0.597134 0.753209 0.618181 0.752562 0.620609 0.769832 0.598267 0.770263
1 0.351369 0.778467 0.372981 0.778250 0.371444 0.797895 0.348940 0.798326
1 0.393463 0.778142 0.414752 0.778034 0.413619 0.796815 0.390790 0.797031
1 0.434585 0.778250 0.456442 0.777711 0.456036 0.795520 0.433694 0.796061
1 0.476114 0.778142 0.498213 0.777711 0.498132 0.795304 0.476114 0.795627
1 0.517802 0.777818 0.539093 0.777603 0.540550 0.795089 0.518288 0.795304
1 0.559249 0.777926 0.581026 0.776849 0.582563 0.796169 0.559653 0.796600
1 0.601101 0.777711 0.622148 0.777280 0.624899 0.795089 0.602234 0.795953
1 0.347085 0.805213 0.372990 0.805105 0.370401 0.827016 0.343362 0.826367
1 0.390395 0.804998 0.413222 0.804349 0.411765 0.823776 0.387561 0.823994
1 0.433217 0.804456 0.456694 0.803918 0.455722 0.823994 0.431112 0.824641
1 0.475959 0.803918 0.499111 0.803918 0.500002 0.824749 0.474907 0.824856
1 0.518863 0.804241 0.541367 0.803379 0.542338 0.823669 0.518457 0.824425
1 0.561767 0.803487 0.584190 0.802838 0.586376 0.822158 0.562171 0.823453
1 0.603700 0.803594 0.626769 0.802945 0.628556 0.820642 0.604833 0.821188
