1 0.024628 0.618872 0.065754 0.618499 0.049808 0.647593 0.007423 0.647035
1 0.067013 0.617751 0.106600 0.616820 0.092892 0.646849 0.050647 0.647035
1 0.108279 0.617938 0.149264 0.618125 0.136395 0.645730 0.094711 0.645544
1 0.149847 0.616734 0.189628 0.616734 0.179894 0.645383 0.136922 0.645383
1 0.007166 0.647845 0.047620 0.649636 0.028987 0.682536 0.000000 0.681104 0.000000 0.660189
1 0.048459 0.648068 0.091264 0.647172 0.074982 0.680074 0.031338 0.680522
1 0.092103 0.646724 0.132724 0.645831 0.120975 0.677387 0.075821 0.678954
1 0.135411 0.646279 0.177543 0.646724 0.166128 0.678058 0.122317 0.678058
1 0.030163 0.681193 0.073303 0.679849 0.056013 0.713870 0.010189 0.713422
1 0.074813 0.679179 0.119799 0.678058 0.105196 0.711631 0.058028 0.712526
1 0.120471 0.678283 0.165625 0.677835 0.154212 0.710512 0.106370 0.711408
1 0.007335 0.715659 0.054670 0.716106 0.036541 0.754155 0.000000 0.753115 0.000000 0.730831
1 0.056685 0.716554 0.103517 0.713870 0.088242 0.751918 0.038053 0.752811
1 0.106706 0.712974 0.154546 0.712301 0.140447 0.749231 0.089585 0.751470
1 0.363481 0.708640 0.383621 0.708261 0.382085 0.724679 0.361661 0.725424
1 0.401487 0.708360 0.420790 0.708173 0.419251 0.723281 0.400647 0.723094
1 0.440093 0.708173 0.458698 0.707613 0.458279 0.722907 0.439255 0.722534
1 0.477299 0.707615 0.497166 0.707241 0.497726 0.722534 0.477723 0.722907
1 0.515770 0.707986 0.534655 0.706868 0.535214 0.722907 0.516331 0.722534
1 0.552699 0.707613 0.572283 0.707241 0.574102 0.722160 0.553678 0.722907
1 0.590467 0.707986 0.610611 0.707426 0.612848 0.722347 0.591866 0.724025
1 0.359382 0.729808 0.380084 0.729435 0.379246 0.746595 0.357983 0.746221
1 0.399109 0.729435 0.419251 0.729435 0.417992 0.745848 0.397430 0.745848
1 0.437856 0.729435 0.457859 0.729435 0.457439 0.746034 0.437157 0.746408
1 0.477162 0.729435 0.497446 0.729248 0.497306 0.747713 0.476884 0.747713
1 0.515770 0.729622 0.536333 0.729248 0.536613 0.744916 0.517029 0.745474
1 0.554797 0.729248 0.574941 0.728503 0.577038 0.744729 0.555778 0.745848
1 0.593405 0.729622 0.614247 0.729061 0.616487 0.745857 0.594666 0.745857
1 0.355885 0.752749 0.376868 0.752189 0.374908 0.771959 0.353646 0.772332
1 0.396171 0.752749 0.416873 0.753123 0.416175 0.770654 0.394912 0.770841
1 0.436877 0.752562 0.457719 0.752002 0.457299 0.769349 0.435057 0.769722
1 0.476744 0.752375 0.497446 0.752002 0.497446 0.769907 0.476464 0.770093
1 0.517310 0.752189 0.538012 0.752189 0.539131 0.769349 0.517310 0.769722
1 0.557037 0.752562 0.578019 0.752562 0.579696 0.769907 0.557595 0.770093
1 0.597602 0.752375 0.618305 0.751070 0.620963 0.768975 0.598721 0.770093
1 0.351828 0.777182 0.373930 0.776995 0.372531 0.796391 0.348191 0.796952
1 0.393653 0.777368 0.415334 0.776808 0.413797 0.795086 0.390995 0.795833
1 0.434917 0.776808 0.456740 0.777368 0.456034 0.794899 0.434219 0.794899
1 0.476604 0.776995 0.497726 0.776434 0.498145 0.794713 0.476184 0.795647
1 0.518148 0.776808 0.539411 0.776250 0.540110 0.794341 0.518148 0.794713
1 0.559693 0.776250 0.580955 0.776434 0.582495 0.794155 0.559973 0.795273
1 0.600959 0.776808 0.621941 0.775690 0.624880 0.794155 0.602083 0.796576
1 0.347631 0.804227 0.370991 0.804040 0.370293 0.825673 0.344695 0.826980
1 0.390575 0.804598 0.413236 0.803666 0.412398 0.825115 0.388059 0.824928
1 0.433520 0.802732 0.455902 0.802361 0.455761 0.822876 0.432261 0.823063
1 0.476464 0.802919 0.498985 0.802732 0.498985 0.823994 0.475763 0.824741
1 0.518569 0.803106 0.541509 0.802361 0.542347 0.823994 0.518847 0.825489
1 0.562073 0.802548 0.584452 0.802732 0.585851 0.824368 0.562491 0.824741
1 0.604316 0.801988 0.626837 0.801988 0.628236 0.821758 0.604596 0.823810
