1 0.022795 0.619241 0.062913 0.620136 0.047636 0.648784 0.007854 0.648336
1 0.066270 0.619689 0.103199 0.618793 0.090609 0.646995 0.048308 0.647443
1 0.107227 0.619241 0.146507 0.618793 0.135259 0.646547 0.092624 0.645204
1 0.147848 0.617898 0.187631 0.617450 0.178064 0.646099 0.136771 0.645651
1 0.045959 0.650127 0.089440 0.648348 0.071642 0.681013 0.029005 0.679670
1 0.088091 0.648338 0.128881 0.647890 0.118138 0.678329 0.074662 0.679670
1 0.132909 0.648338 0.175041 0.647890 0.162453 0.680565 0.120153 0.678329
1 0.026151 0.681461 0.070801 0.680565 0.056031 0.712572 0.010036 0.713913
1 0.074829 0.680117 0.114781 0.680342 0.101688 0.710556 0.058213 0.711003
1 0.119145 0.680117 0.160607 0.679895 0.147848 0.711451 0.105045 0.711451
1 0.054519 0.717270 0.100345 0.716600 0.086078 0.752186 0.036559 0.750843
1 0.103534 0.715481 0.149359 0.715481 0.136602 0.749947 0.089434 0.749052
1 0.004330 0.717047 0.051834 0.717270 0.034713 0.754423 0.000000 0.751997 0.000000 0.725405
1 0.362951 0.701892 0.381990 0.701892 0.380824 0.717821 0.359842 0.718341
1 0.400348 0.702538 0.420068 0.702280 0.418224 0.719377 0.398989 0.719507
1 0.437263 0.701762 0.457565 0.701631 0.456690 0.718599 0.436972 0.719377
1 0.475925 0.701762 0.495158 0.701892 0.495158 0.717174 0.475731 0.717953
1 0.513421 0.702150 0.533042 0.702150 0.533238 0.716916 0.513518 0.717953
1 0.550431 0.702668 0.570442 0.702797 0.571413 0.716657 0.550918 0.718211
1 0.588315 0.703317 0.607744 0.702668 0.609687 0.717174 0.589287 0.718728
1 0.358773 0.723132 0.379562 0.722874 0.378200 0.739581 0.357024 0.740618
1 0.397532 0.723391 0.417931 0.723132 0.416862 0.737768 0.396658 0.738805
1 0.436388 0.723391 0.454553 0.723391 0.454359 0.739452 0.436291 0.739322
1 0.475341 0.723391 0.495548 0.723649 0.495255 0.739710 0.474370 0.740359
1 0.513809 0.723520 0.534014 0.723003 0.533820 0.738805 0.513712 0.739452
1 0.552180 0.723520 0.572773 0.723261 0.573260 0.739452 0.552859 0.740489
1 0.591230 0.724040 0.611047 0.723649 0.612601 0.739710 0.591911 0.740876
1 0.355081 0.745800 0.374704 0.745668 0.373150 0.763673 0.352362 0.764579
1 0.394617 0.745800 0.414725 0.746058 0.414240 0.763154 0.393842 0.763673
1 0.434348 0.746188 0.455524 0.745280 0.455330 0.762378 0.433766 0.763412
1 0.474370 0.745800 0.495839 0.745668 0.495548 0.762378 0.474079 0.762895
1 0.514296 0.746446 0.534986 0.746317 0.534695 0.763283 0.514393 0.763932
1 0.553928 0.746317 0.575300 0.745797 0.575882 0.763542 0.554511 0.763673
1 0.593951 0.746705 0.614934 0.746576 0.616487 0.763154 0.594436 0.764966
1 0.349934 0.770536 0.371595 0.769761 0.370235 0.788800 0.347116 0.788930
1 0.391315 0.770019 0.412394 0.770019 0.410938 0.786856 0.389567 0.787505
1 0.433085 0.769631 0.454749 0.769370 0.453680 0.787375 0.431239 0.787505
1 0.474273 0.769370 0.495449 0.769370 0.494964 0.786985 0.473107 0.788539
1 0.515266 0.770407 0.536054 0.770407 0.535860 0.788800 0.514684 0.789318
1 0.556259 0.770536 0.577922 0.769761 0.578310 0.787893 0.556552 0.788151
1 0.597448 0.771056 0.618624 0.770666 0.620372 0.788151 0.597933 0.789188
1 0.345465 0.795924 0.367710 0.795793 0.367029 0.816648 0.342938 0.817682
1 0.388109 0.795924 0.410160 0.795922 0.409772 0.815352 0.386652 0.816128
1 0.431239 0.795663 0.453583 0.795405 0.452417 0.815091 0.429686 0.815223
1 0.473010 0.795793 0.495061 0.795663 0.496227 0.815223 0.472719 0.815999
1 0.515656 0.795793 0.537804 0.795534 0.538288 0.815869 0.514878 0.816906
1 0.558299 0.796571 0.580544 0.795922 0.580544 0.813927 0.557911 0.814962
1 0.600654 0.796571 0.622412 0.796183 0.623287 0.812632 0.600361 0.813927
