1 0.023130 0.618793 0.066101 0.617675 0.049819 0.647890 0.007854 0.647665
1 0.066101 0.617675 0.106388 0.616331 0.092960 0.646995 0.049316 0.648113
1 0.107899 0.617675 0.149359 0.616557 0.135427 0.646770 0.094134 0.645874
1 0.149695 0.616779 0.190318 0.616331 0.181254 0.645204 0.135930 0.645426
1 0.006008 0.648784 0.047636 0.648336 0.030180 0.680565 0.000000 0.679229 0.000000 0.659852
1 0.047636 0.648113 0.092288 0.646547 0.075670 0.678776 0.030515 0.679895
1 0.091952 0.647443 0.131902 0.646547 0.120320 0.677208 0.075165 0.678776
1 0.135092 0.646099 0.177559 0.646547 0.166313 0.677433 0.121999 0.677208
1 0.030180 0.679670 0.073824 0.678999 0.057372 0.713017 0.009366 0.713690
1 0.074829 0.678103 0.119145 0.677881 0.103702 0.713690 0.058547 0.711451
1 0.120489 0.677881 0.164635 0.678103 0.154228 0.711899 0.105717 0.711003
1 0.006848 0.715481 0.054352 0.715481 0.037062 0.753752 -0.000000 0.752529 0.000000 0.730017
1 0.055695 0.715481 0.105212 0.714361 0.088260 0.752409 0.038236 0.752634
1 0.108235 0.711676 0.153725 0.712795 0.139959 0.749052 0.089265 0.751961
1 0.363037 0.708142 0.383788 0.707675 0.381922 0.723218 0.360706 0.725084
1 0.401272 0.707366 0.420390 0.707522 0.418991 0.723063 0.400573 0.723685
1 0.438691 0.708297 0.458513 0.707998 0.458041 0.723994 0.438691 0.723994
1 0.476809 0.707986 0.496742 0.707210 0.496859 0.722907 0.476925 0.724150
1 0.515277 0.708142 0.534977 0.707675 0.535093 0.722287 0.515627 0.723841
1 0.552462 0.707210 0.572744 0.707210 0.573795 0.722907 0.552927 0.723994
1 0.590463 0.707522 0.610163 0.707522 0.612261 0.722596 0.591629 0.723374
1 0.358851 0.729658 0.380251 0.729658 0.378154 0.746444 0.357311 0.746818
1 0.399136 0.730031 0.419000 0.729473 0.418021 0.745886 0.397597 0.746818
1 0.438583 0.729286 0.458446 0.728913 0.457608 0.745512 0.437184 0.746070
1 0.477331 0.728913 0.497755 0.729095 0.497195 0.745512 0.476771 0.746444
1 0.515937 0.729100 0.536081 0.729095 0.536920 0.744952 0.516638 0.745886
1 0.554546 0.729658 0.574829 0.728726 0.576927 0.744579 0.555805 0.746070
1 0.593574 0.730031 0.613856 0.728726 0.616094 0.744765 0.594971 0.746818
1 0.356052 0.752601 0.376755 0.752785 0.375356 0.770692 0.353394 0.770876
1 0.396060 0.752414 0.416622 0.752601 0.415363 0.769758 0.394801 0.770876
1 0.436065 0.752414 0.457888 0.751853 0.457047 0.769945 0.435226 0.769945
1 0.476631 0.751853 0.498033 0.751480 0.497753 0.769013 0.475652 0.770505
1 0.517337 0.752227 0.538179 0.751667 0.539019 0.769385 0.517337 0.769758
1 0.556923 0.752601 0.578466 0.752040 0.580005 0.769198 0.556643 0.769758
1 0.596931 0.751853 0.617913 0.750922 0.620151 0.768640 0.598050 0.769758
1 0.350876 0.777965 0.372978 0.777591 0.371719 0.796990 0.349199 0.798108
1 0.392841 0.777404 0.415503 0.776846 0.413405 0.795496 0.391024 0.795496
1 0.434806 0.777220 0.457187 0.776659 0.456209 0.794751 0.432989 0.795869
1 0.475934 0.776461 0.498732 0.776659 0.498454 0.794938 0.475932 0.795125
1 0.516918 0.776473 0.539019 0.776099 0.540140 0.794373 0.517477 0.794191
1 0.558883 0.776099 0.581683 0.775726 0.582662 0.794377 0.559441 0.796243
1 0.600708 0.776099 0.622389 0.776099 0.625187 0.795125 0.601406 0.795496
1 0.346498 0.803518 0.369998 0.803331 0.366922 0.825151 0.343281 0.824593
1 0.390562 0.802771 0.412523 0.803702 0.412243 0.824406 0.387065 0.823846
1 0.432667 0.802397 0.455607 0.802210 0.454908 0.823659 0.431268 0.824033
1 0.475611 0.802771 0.497992 0.802584 0.497572 0.825711 0.474071 0.825711
1 0.518552 0.802945 0.540515 0.802210 0.540936 0.824966 0.518414 0.825338
1 0.560937 0.802771 0.583739 0.802023 0.585138 0.823288 0.561498 0.824966
1 0.604161 0.803144 0.626823 0.802210 0.628642 0.821794 0.605002 0.823846
