1 0.023538 0.620431 0.062213 0.619787 0.047708 0.646214 0.006616 0.647182
1 0.063662 0.618499 0.104472 0.619181 0.091218 0.647502 0.049159 0.646214
1 0.107654 0.620431 0.147162 0.619277 0.134244 0.646214 0.092669 0.646214
1 0.148506 0.617531 0.187069 0.617888 0.177245 0.645354 0.137144 0.644602
1 0.362416 0.702421 0.382717 0.701774 0.380873 0.717447 0.360181 0.717577
1 0.400690 0.701774 0.419535 0.702292 0.418660 0.716023 0.399524 0.716410
1 0.439740 0.702292 0.457225 0.702421 0.456060 0.716281 0.438671 0.717318
1 0.475293 0.702292 0.495110 0.702162 0.495110 0.716023 0.475293 0.716540
1 0.513179 0.702162 0.531828 0.702292 0.532606 0.715632 0.514149 0.716023
1 0.550422 0.702706 0.569946 0.702835 0.571501 0.716437 0.551782 0.716825
1 0.588326 0.703226 0.607559 0.703226 0.609698 0.717601 0.589201 0.717862
1 0.044458 0.650462 0.086557 0.650462 0.073464 0.679468 0.028141 0.679737
1 0.088570 0.648582 0.129059 0.648314 0.117778 0.680007 0.075075 0.678932
1 0.133288 0.649121 0.175388 0.648314 0.162899 0.678932 0.120196 0.677857
1 0.359032 0.723537 0.379511 0.722866 0.377832 0.738309 0.356683 0.739205
1 0.397640 0.723537 0.417448 0.723314 0.415769 0.738309 0.396297 0.738757
1 0.436248 0.723537 0.456726 0.723314 0.455216 0.740101 0.435744 0.740101
1 0.475190 0.723314 0.495165 0.722866 0.494829 0.739653 0.474855 0.740323
1 0.514134 0.723537 0.534109 0.723089 0.533773 0.738980 0.514470 0.739653
1 0.552405 0.723537 0.572548 0.723762 0.574228 0.738309 0.553077 0.739428
1 0.591013 0.723537 0.610821 0.723762 0.613170 0.738532 0.592187 0.740101
1 0.354332 0.746142 0.375483 0.745920 0.373971 0.762033 0.350975 0.763376
1 0.394953 0.745920 0.414258 0.744576 0.413587 0.762258 0.393779 0.763376
1 0.434905 0.745472 0.455048 0.745247 0.454377 0.762481 0.433561 0.763151
1 0.474519 0.745694 0.495165 0.745694 0.495165 0.761585 0.474519 0.763151
1 0.514806 0.746367 0.534781 0.745920 0.534781 0.761585 0.514470 0.762704
1 0.554420 0.746142 0.575235 0.745920 0.576577 0.763151 0.555092 0.763376
1 0.594036 0.746815 0.614849 0.747038 0.616864 0.762033 0.595041 0.762929
1 0.350136 0.770539 0.371789 0.769866 0.369440 0.787325 0.347114 0.787771
1 0.391932 0.770314 0.412412 0.769643 0.411404 0.786205 0.390253 0.787100
1 0.432554 0.770539 0.453536 0.770539 0.453536 0.787771 0.431043 0.788666
1 0.473847 0.769643 0.495670 0.769418 0.495670 0.787100 0.473680 0.787548
1 0.515478 0.770761 0.536291 0.770314 0.537130 0.787996 0.515142 0.789114
1 0.555930 0.770091 0.577082 0.770091 0.579264 0.787325 0.557107 0.788891
1 0.597223 0.770987 0.618878 0.770539 0.621060 0.787325 0.598231 0.788891
1 0.345575 0.795927 0.367538 0.795553 0.365858 0.814576 0.342078 0.816068
1 0.387904 0.795627 0.409865 0.795441 0.409167 0.815398 0.385945 0.815584
1 0.431128 0.795441 0.453229 0.795441 0.452250 0.814650 0.429869 0.814092
1 0.473233 0.795627 0.495474 0.795254 0.496033 0.814464 0.473233 0.814464
1 0.515476 0.796372 0.537579 0.795814 0.538278 0.814464 0.515198 0.815024
1 0.558238 0.796037 0.580061 0.796037 0.580760 0.814689 0.558238 0.814315
1 0.599776 0.796679 0.622268 0.796904 0.623109 0.812347 0.600950 0.814136
1 0.026873 0.680745 0.071020 0.680745 0.054402 0.715659 0.009080 0.714318
1 0.075720 0.680745 0.114998 0.680745 0.100562 0.715211 0.056081 0.714765
1 0.119698 0.680074 0.160489 0.680522 0.145205 0.712739 0.104088 0.712526
1 0.003538 0.717002 0.050709 0.717227 0.031070 0.753927 0.000000 0.753422 0.000000 0.725148
1 0.055074 0.718793 0.102074 0.716554 0.084280 0.753259 0.035602 0.753707
1 0.102577 0.716106 0.150081 0.715436 0.133631 0.751918 0.086295 0.751245
