1 0.023622 0.619095 0.065027 0.617977 0.048522 0.648379 0.007396 0.647071
1 0.065307 0.618350 0.106433 0.616485 0.091744 0.646700 0.049641 0.647071
1 0.108391 0.617229 0.148258 0.617045 0.135948 0.645953 0.093983 0.645953
1 0.148957 0.617229 0.189242 0.615738 0.179871 0.644461 0.136227 0.644835
1 0.005577 0.649124 0.046843 0.648750 0.029077 0.681762 0.000000 0.680831 0.000000 0.659279
1 0.046843 0.648937 0.091606 0.646885 0.074260 0.680271 0.029777 0.681018
1 0.091045 0.647258 0.132171 0.646327 0.120420 0.676913 0.075099 0.679152
1 0.134549 0.648563 0.177213 0.646885 0.165463 0.677100 0.121539 0.678032
1 0.028658 0.681389 0.073141 0.679339 0.056774 0.713657 0.010194 0.713843
1 0.074120 0.679897 0.118881 0.677660 0.104474 0.712165 0.057473 0.712165
1 0.119862 0.679526 0.164204 0.677847 0.153992 0.710860 0.105453 0.711604
1 0.006557 0.716080 0.053836 0.715893 0.036631 0.752636 0.000000 0.753065 0.000000 0.729780
1 0.056915 0.715522 0.104194 0.715148 0.087969 0.751892 0.038869 0.753010
1 0.106712 0.713843 0.153712 0.712352 0.139725 0.748719 0.090625 0.750026
1 0.362782 0.709571 0.382830 0.709169 0.381934 0.725690 0.361534 0.727198
1 0.400878 0.709605 0.420873 0.709066 0.419659 0.728386 0.399907 0.728925
1 0.439492 0.708309 0.459000 0.708740 0.457866 0.726011 0.439086 0.725364
1 0.477051 0.708958 0.496967 0.707986 0.496642 0.722881 0.476566 0.724500
1 0.515260 0.708633 0.534445 0.708633 0.535174 0.723527 0.515422 0.724176
1 0.552902 0.708740 0.572412 0.708417 0.573869 0.723312 0.553955 0.723745
1 0.590544 0.709064 0.609811 0.708633 0.613050 0.723096 0.592487 0.724068
1 0.359811 0.731051 0.379968 0.730295 0.378592 0.748645 0.356735 0.749076
1 0.398667 0.731159 0.418743 0.730836 0.417610 0.746810 0.397534 0.746810
1 0.438333 0.730620 0.457762 0.730728 0.457437 0.746595 0.437281 0.746485
1 0.476739 0.730089 0.497256 0.729622 0.497371 0.746408 0.476739 0.747340
1 0.515990 0.729950 0.535093 0.730491 0.536956 0.745493 0.516798 0.746571
1 0.555007 0.730165 0.575244 0.729303 0.577430 0.745386 0.555492 0.745817
1 0.594188 0.730381 0.614506 0.730273 0.616449 0.746355 0.594916 0.747543
1 0.355627 0.754021 0.375783 0.754452 0.375216 0.770857 0.353764 0.771612
1 0.396101 0.754452 0.416421 0.753372 0.416663 0.771288 0.395858 0.771288
1 0.436173 0.753910 0.456733 0.752941 0.457462 0.770642 0.435686 0.770211
1 0.476970 0.753372 0.497856 0.753048 0.497694 0.769670 0.476647 0.769346
1 0.516961 0.753479 0.537927 0.753264 0.538655 0.769670 0.517608 0.769885
1 0.557112 0.752941 0.578482 0.752941 0.580102 0.769670 0.557516 0.770211
1 0.597425 0.753372 0.618310 0.753048 0.620496 0.769346 0.598721 0.770211
1 0.351336 0.778736 0.373355 0.778412 0.371735 0.796870 0.349151 0.797193
1 0.393188 0.778628 0.415207 0.778089 0.413344 0.796006 0.391164 0.796221
1 0.434876 0.777981 0.456652 0.777550 0.456491 0.795359 0.433743 0.795682
1 0.476485 0.777981 0.498342 0.777550 0.498423 0.795251 0.476566 0.795359
1 0.518012 0.778089 0.539465 0.777550 0.540841 0.794818 0.518660 0.794818
1 0.559379 0.777548 0.581559 0.777440 0.582854 0.795251 0.560431 0.795467
1 0.600824 0.777117 0.622035 0.777117 0.625435 0.794602 0.602444 0.795141
1 0.347207 0.805072 0.370278 0.804749 0.368741 0.823853 0.343969 0.824607
1 0.390273 0.804641 0.412777 0.804318 0.411968 0.821911 0.388330 0.822665
1 0.433824 0.804102 0.456410 0.803669 0.455519 0.824607 0.431801 0.824607
1 0.476324 0.804210 0.498504 0.803884 0.498746 0.824607 0.475756 0.825472
1 0.518985 0.803453 0.541731 0.803669 0.542135 0.824825 0.518256 0.824933
1 0.561483 0.803561 0.584635 0.802914 0.585930 0.822989 0.562213 0.823637
1 0.604630 0.803453 0.626972 0.803130 0.627532 0.822126 0.605029 0.822222
