1 0.022502 0.620302 0.062990 0.619765 0.047902 0.648154 0.006489 0.647965
1 0.066776 0.619246 0.103845 0.618499 0.090277 0.647593 0.048452 0.647222
1 0.107762 0.619246 0.146228 0.619246 0.134199 0.647222 0.093213 0.645915
1 0.148466 0.619059 0.186654 0.618499 0.178542 0.645915 0.136997 0.645357
1 0.045233 0.650580 0.087759 0.649459 0.072931 0.679674 0.029007 0.678927
1 0.088039 0.649085 0.129723 0.647593 0.117832 0.678182 0.074889 0.677622
1 0.133360 0.649459 0.175185 0.648714 0.163994 0.678369 0.121051 0.677809
1 0.026349 0.681353 0.071532 0.680419 0.056424 0.713245 0.009704 0.713245
1 0.073630 0.680048 0.115735 0.680419 0.102586 0.712126 0.056985 0.713060
1 0.119091 0.680419 0.159379 0.680606 0.147628 0.711753 0.105663 0.711008
1 0.053348 0.717610 0.099788 0.716492 0.084540 0.752675 0.036561 0.751183
1 0.102026 0.716118 0.150286 0.714253 0.134479 0.750436 0.088457 0.749318
1 0.362502 0.701178 0.382504 0.701365 0.381106 0.716473 0.360542 0.716846
1 0.400298 0.702316 0.420162 0.702129 0.418482 0.718915 0.398619 0.719476
1 0.437786 0.702689 0.457369 0.701197 0.456530 0.718357 0.437367 0.719102
1 0.475135 0.702129 0.495278 0.701571 0.495557 0.717423 0.475135 0.717610
1 0.513743 0.702689 0.532486 0.702689 0.532766 0.719662 0.513463 0.720220
1 0.550672 0.702316 0.569835 0.702502 0.571514 0.717237 0.551791 0.717423
1 0.588299 0.703063 0.608023 0.702502 0.609562 0.717797 0.589558 0.719662
1 0.359032 0.723206 0.379316 0.723391 0.377496 0.738127 0.356514 0.738872
1 0.397500 0.723578 0.417364 0.722833 0.416663 0.737941 0.396521 0.739432
1 0.436527 0.723578 0.455271 0.723578 0.454713 0.737754 0.436386 0.738685
1 0.474995 0.723578 0.495138 0.723578 0.494998 0.739990 0.474574 0.740551
1 0.513463 0.723951 0.533885 0.723951 0.534165 0.738685 0.514301 0.738872
1 0.552211 0.723391 0.572493 0.723020 0.574312 0.738685 0.552909 0.739619
1 0.590957 0.723764 0.610961 0.723764 0.612918 0.739432 0.591936 0.740364
1 0.354276 0.745773 0.375399 0.745587 0.374560 0.763491 0.351060 0.764610
1 0.394562 0.746147 0.415684 0.745773 0.413867 0.762931 0.393303 0.763865
1 0.434429 0.745587 0.455271 0.745400 0.454713 0.762560 0.434009 0.764239
1 0.474574 0.745960 0.495557 0.745960 0.495278 0.763118 0.474436 0.763865
1 0.514722 0.747079 0.535004 0.746334 0.535144 0.764052 0.514862 0.764610
1 0.554028 0.746518 0.575291 0.745773 0.576410 0.763491 0.554867 0.763678
1 0.593895 0.746705 0.614738 0.745960 0.617116 0.763118 0.594734 0.763491
1 0.350499 0.769832 0.371202 0.770393 0.369802 0.787550 0.347841 0.787924
1 0.391065 0.769646 0.412328 0.769459 0.411489 0.786992 0.389806 0.787179
1 0.432750 0.769459 0.454432 0.769832 0.453732 0.786992 0.431351 0.787550
1 0.473596 0.769646 0.495278 0.769646 0.495138 0.786992 0.473596 0.786806
1 0.514722 0.770953 0.536543 0.770206 0.536263 0.788484 0.514441 0.789045
1 0.556126 0.770019 0.577389 0.769832 0.578928 0.787366 0.556967 0.788111
1 0.597532 0.770393 0.618655 0.770206 0.620332 0.786992 0.598511 0.788111
1 0.346164 0.795199 0.368125 0.795386 0.365894 0.815517 0.342665 0.816274
1 0.387708 0.795757 0.410368 0.795199 0.408691 0.814222 0.386029 0.815156
1 0.431212 0.795572 0.452893 0.794825 0.452333 0.814595 0.430232 0.815714
1 0.473315 0.795572 0.495278 0.795572 0.495138 0.814035 0.472337 0.815342
1 0.515560 0.795757 0.537381 0.795012 0.538222 0.815342 0.515560 0.817021
1 0.557805 0.795943 0.579907 0.795572 0.580745 0.815714 0.558364 0.817021
1 0.600050 0.795757 0.622710 0.796317 0.623551 0.814409 0.600190 0.816274
