1 0.024826 0.619535 0.065742 0.618602 0.049655 0.647977 0.006756 0.647821
1 0.066324 0.617514 0.107123 0.616736 0.093017 0.646422 0.050120 0.647665
1 0.109337 0.617514 0.149438 0.617826 0.136731 0.645647 0.094533 0.645955
1 0.149553 0.617047 0.189653 0.616425 0.180329 0.645491 0.136848 0.645955
1 0.006175 0.648132 0.047322 0.648288 0.030770 0.679528 -0.000000 0.679986 0.000000 0.659670
1 0.048955 0.648132 0.091153 0.647201 0.074599 0.679528 0.031236 0.680151
1 0.091618 0.647821 0.133001 0.646111 0.120645 0.677043 0.075300 0.678906
1 0.136148 0.647045 0.177881 0.647045 0.165990 0.677352 0.122277 0.677507
1 0.030537 0.680771 0.073901 0.679840 0.057464 0.712478 0.010720 0.713566
1 0.074599 0.679217 0.119129 0.677663 0.105025 0.712790 0.058513 0.712167
1 0.121227 0.677974 0.164474 0.678597 0.153633 0.711391 0.106074 0.712478
1 0.007457 0.716365 0.054318 0.715275 0.038231 0.752735 -0.000000 0.752977 0.000000 0.731600
1 0.055016 0.715898 0.105025 0.714500 0.089987 0.751645 0.039978 0.752579
1 0.106539 0.713721 0.153983 0.712790 0.140929 0.749159 0.090221 0.751025
1 0.363691 0.708436 0.383157 0.707660 0.381642 0.724136 0.361593 0.725067
1 0.401692 0.708592 0.421042 0.707816 0.419528 0.723824 0.400293 0.724291
1 0.439344 0.708283 0.458694 0.707816 0.457879 0.723357 0.439459 0.723513
1 0.477694 0.707660 0.497279 0.707193 0.497394 0.722581 0.476886 0.723036
1 0.515230 0.707505 0.534580 0.707349 0.535866 0.722270 0.515814 0.722893
1 0.553114 0.707505 0.572581 0.707193 0.574447 0.722581 0.553931 0.724136
1 0.590650 0.707816 0.610233 0.707193 0.611633 0.722581 0.592049 0.724602
1 0.359844 0.730663 0.380011 0.729885 0.378728 0.745273 0.358561 0.746205
1 0.399127 0.730041 0.419177 0.729729 0.418012 0.746205 0.397380 0.746516
1 0.438294 0.729885 0.458344 0.729265 0.457762 0.745584 0.437829 0.746051
1 0.477229 0.729109 0.497046 0.728798 0.497511 0.745117 0.476995 0.746051
1 0.516512 0.729420 0.536446 0.728798 0.537378 0.744806 0.516979 0.745429
1 0.555214 0.729576 0.575145 0.728642 0.576895 0.744186 0.555679 0.745273
1 0.594147 0.729576 0.613964 0.728798 0.616295 0.745117 0.595079 0.746827
1 0.355880 0.752888 0.376746 0.752888 0.375463 0.769363 0.354364 0.769363
1 0.396562 0.753199 0.417080 0.752888 0.416263 0.769207 0.395630 0.770141
1 0.436546 0.752888 0.457762 0.752423 0.457412 0.770917 0.435846 0.770297
1 0.476886 0.752419 0.498211 0.752268 0.498094 0.768898 0.476412 0.770297
1 0.517096 0.752268 0.537845 0.751801 0.538660 0.769363 0.517795 0.769674
1 0.556961 0.751956 0.578644 0.752112 0.579810 0.769519 0.557545 0.770141
1 0.597527 0.752579 0.618044 0.751334 0.620609 0.768898 0.598926 0.769674
1 0.351685 0.777601 0.374064 0.777601 0.372434 0.795321 0.349120 0.796097
1 0.394115 0.777289 0.415330 0.776980 0.413815 0.794854 0.391550 0.795477
1 0.435031 0.776669 0.456363 0.777136 0.456246 0.794387 0.433631 0.794387
1 0.476412 0.776825 0.498211 0.776513 0.498328 0.794231 0.476645 0.793767
1 0.518028 0.777136 0.539943 0.776513 0.540875 0.794854 0.518493 0.794543
1 0.559176 0.776046 0.581209 0.776669 0.582956 0.793920 0.560110 0.794854
1 0.601024 0.777136 0.622240 0.776358 0.625271 0.793920 0.602540 0.795165
1 0.347020 0.804023 0.371385 0.803558 0.369168 0.823297 0.343640 0.825783
1 0.390735 0.804023 0.414165 0.803091 0.412184 0.823297 0.387703 0.824696
1 0.433631 0.802780 0.455779 0.802780 0.455429 0.821743 0.432232 0.821743
1 0.476645 0.803091 0.498910 0.802780 0.498910 0.822519 0.475480 0.823606
1 0.519310 0.802625 0.542274 0.802313 0.542390 0.822675 0.518843 0.824229
1 0.561740 0.802780 0.584239 0.802158 0.585054 0.822986 0.562324 0.824073
1 0.604406 0.803091 0.627486 0.802469 0.628418 0.821432 0.605688 0.822675
