1 0.227023 0.460651 0.251082 0.461771 0.242129 0.477995 0.217789 0.477437
1 0.252480 0.461214 0.276539 0.461958 0.267867 0.478932 0.242688 0.477625
1 0.277102 0.461583 0.303398 0.462146 0.295703 0.479115 0.268848 0.477995
1 0.304238 0.461958 0.330254 0.462146 0.324379 0.480234 0.296824 0.478932
1 0.199570 0.477031 0.224645 0.478182 0.214844 0.495729 0.189180 0.494115
1 0.225484 0.478182 0.250801 0.478745 0.241711 0.496464 0.216113 0.495344
1 0.251082 0.478745 0.277238 0.479115 0.268164 0.497396 0.242688 0.496646
1 0.277941 0.478927 0.306895 0.479490 0.298504 0.498141 0.269547 0.497021
1 0.308156 0.478927 0.330117 0.479865 0.322281 0.499630 0.299621 0.498328
1 0.189324 0.495130 0.214621 0.495281 0.202926 0.515219 0.177969 0.515068
1 0.215090 0.496063 0.239488 0.496510 0.229203 0.516672 0.203285 0.515401
1 0.240672 0.497036 0.266867 0.498234 0.257086 0.517271 0.230383 0.516073
1 0.268516 0.498229 0.295254 0.498307 0.286035 0.519224 0.258828 0.517422
1 0.298008 0.498911 0.321508 0.499807 0.313469 0.520344 0.288566 0.519370
1 0.176949 0.513818 0.201234 0.516516 0.187336 0.538458 0.163051 0.537021
1 0.202043 0.516427 0.226664 0.516964 0.215266 0.538552 0.189359 0.537740
1 0.228824 0.517052 0.255469 0.518224 0.244340 0.540708 0.216949 0.539271
1 0.257359 0.518312 0.284680 0.519661 0.274426 0.542510 0.246496 0.540708
1 0.287984 0.519391 0.312270 0.520380 0.303434 0.544125 0.277395 0.542151
1 0.431859 0.468760 0.460418 0.469281 0.458086 0.487026 0.427680 0.487026
1 0.462848 0.469151 0.489949 0.469667 0.489852 0.487542 0.460516 0.487411
1 0.492570 0.470318 0.519770 0.470573 0.519965 0.489099 0.491406 0.487672
1 0.522492 0.471609 0.549398 0.472391 0.550273 0.490135 0.522492 0.488969
1 0.417434 0.486964 0.442531 0.487177 0.439285 0.506604 0.412652 0.505203
1 0.445039 0.486531 0.474902 0.487286 0.473281 0.506932 0.442035 0.506391
1 0.477906 0.486964 0.506230 0.487177 0.504609 0.508547 0.474820 0.507792
1 0.507848 0.486964 0.537422 0.487917 0.538527 0.509198 0.507121 0.508120
1 0.541129 0.489339 0.568398 0.491063 0.570027 0.511245 0.540551 0.509302
1 0.411930 0.504880 0.437105 0.506172 0.433535 0.527760 0.406820 0.526682
1 0.439371 0.506714 0.468668 0.506932 0.466086 0.529490 0.434910 0.528734
1 0.470051 0.507687 0.500078 0.507901 0.499031 0.530135 0.467703 0.529271
1 0.502027 0.508979 0.533754 0.509411 0.534004 0.531214 0.502027 0.530458
1 0.535937 0.509844 0.565414 0.510818 0.566141 0.533266 0.535855 0.531969
1 0.406508 0.527438 0.434840 0.528839 0.430953 0.551828 0.401723 0.551182
1 0.437422 0.529167 0.470531 0.529380 0.467941 0.553771 0.433777 0.552260
1 0.473047 0.530354 0.506074 0.531214 0.504207 0.555177 0.469641 0.554531
1 0.507199 0.531214 0.538609 0.531755 0.539590 0.556365 0.506723 0.554958
