1 0.226844 0.461099 0.251535 0.461964 0.242062 0.478047 0.218102 0.477292
1 0.253316 0.460885 0.275738 0.462615 0.267969 0.479021 0.243117 0.477938
1 0.277035 0.462396 0.303180 0.462396 0.295410 0.479880 0.268535 0.478802
1 0.305043 0.462609 0.330543 0.462615 0.323906 0.479021 0.297027 0.478802
1 0.199242 0.479016 0.225953 0.479344 0.214539 0.496286 0.189363 0.495422
1 0.226766 0.478802 0.250969 0.478589 0.241902 0.496828 0.215594 0.495854
1 0.251371 0.478260 0.278328 0.479021 0.268293 0.497693 0.242305 0.496073
1 0.278977 0.478911 0.306258 0.479344 0.297191 0.497693 0.269828 0.496286
1 0.308039 0.480099 0.329410 0.481177 0.322367 0.499526 0.299781 0.497906
1 0.188152 0.495964 0.213895 0.496719 0.202559 0.514422 0.177625 0.513344
1 0.215188 0.496286 0.240281 0.497151 0.228625 0.516901 0.203691 0.514854
1 0.241496 0.496937 0.267156 0.498016 0.257039 0.517656 0.230570 0.515823
1 0.269184 0.497583 0.295895 0.498448 0.286020 0.518521 0.258578 0.517229
1 0.298160 0.498984 0.321961 0.500172 0.313703 0.520359 0.289340 0.519062
1 0.175277 0.516255 0.200859 0.516797 0.187906 0.538276 0.163379 0.537089
1 0.201832 0.516901 0.227574 0.517120 0.215105 0.538599 0.189445 0.537948
1 0.229191 0.517443 0.254609 0.518198 0.244410 0.540432 0.216969 0.539135
1 0.257363 0.518521 0.284238 0.519708 0.274039 0.542807 0.245949 0.540651
1 0.287395 0.519927 0.312570 0.521005 0.303180 0.544750 0.277762 0.541833
1 0.434180 0.469010 0.461281 0.469135 0.458855 0.486880 0.431266 0.486365
1 0.462641 0.469396 0.490715 0.470693 0.489840 0.488307 0.460895 0.487531
1 0.492758 0.470042 0.519762 0.471078 0.520051 0.488823 0.492172 0.487786
1 0.523062 0.471078 0.549875 0.472245 0.551039 0.491417 0.523062 0.489859
1 0.417277 0.484938 0.442824 0.485068 0.439230 0.506568 0.411836 0.504625
1 0.445059 0.485458 0.475562 0.486750 0.473328 0.507995 0.441855 0.506182
1 0.477602 0.485974 0.506258 0.487141 0.504801 0.508771 0.474883 0.507865
1 0.507344 0.486354 0.538410 0.486880 0.538410 0.509938 0.506551 0.508641
1 0.540160 0.489859 0.567941 0.489990 0.569887 0.510714 0.540547 0.509677
1 0.411449 0.504365 0.437387 0.506313 0.433695 0.528328 0.406883 0.526776
1 0.438941 0.506313 0.468469 0.507089 0.466332 0.529625 0.434664 0.528068
1 0.469637 0.507219 0.499945 0.507865 0.499168 0.530401 0.467695 0.529625
1 0.502180 0.508641 0.533848 0.509547 0.534039 0.531953 0.501594 0.530917
1 0.535691 0.509417 0.565320 0.510974 0.566484 0.533896 0.535691 0.531953
1 0.406398 0.527813 0.435055 0.528974 0.431461 0.553068 0.400762 0.551901
1 0.438066 0.527813 0.470801 0.529365 0.468082 0.553844 0.433984 0.552422
1 0.473230 0.529495 0.506160 0.530917 0.504219 0.555401 0.469832 0.553453
1 0.507617 0.530792 0.539285 0.532083 0.539965 0.556177 0.506938 0.555917
