1 0.226941 0.461792 0.251699 0.461792 0.242254 0.478609 0.216957 0.477714
1 0.253125 0.461875 0.276516 0.462240 0.268152 0.478880 0.243328 0.477443
1 0.277125 0.461703 0.303703 0.462151 0.296148 0.479151 0.268758 0.478250
1 0.304551 0.461661 0.330543 0.462438 0.324484 0.479693 0.297320 0.478760
1 0.201719 0.478380 0.224625 0.479354 0.214426 0.497161 0.190141 0.495219
1 0.225922 0.478260 0.251340 0.478380 0.242273 0.496505 0.216207 0.496083
1 0.251664 0.478802 0.278379 0.479021 0.268422 0.496937 0.243406 0.496505
1 0.278703 0.478490 0.306547 0.479234 0.298535 0.498552 0.269797 0.496828
1 0.308492 0.479776 0.329375 0.480313 0.321930 0.499323 0.299750 0.498016
1 0.189414 0.495781 0.214426 0.496396 0.202934 0.514635 0.176379 0.514865
1 0.215238 0.495750 0.239602 0.496828 0.228676 0.516797 0.203418 0.515177
1 0.240816 0.496719 0.266559 0.497474 0.256926 0.517552 0.230375 0.516255
1 0.268906 0.497917 0.294891 0.498552 0.286066 0.518953 0.258949 0.517766
1 0.298211 0.498880 0.322414 0.499635 0.314562 0.520260 0.289227 0.519286
1 0.176785 0.514745 0.200262 0.516365 0.187633 0.538167 0.162941 0.537521
1 0.202043 0.516255 0.226895 0.516797 0.215559 0.538599 0.189414 0.537964
1 0.228270 0.517875 0.254820 0.518521 0.244539 0.540432 0.216449 0.538490
1 0.257656 0.518307 0.283801 0.519182 0.274734 0.543036 0.246160 0.540755
1 0.287363 0.520260 0.313512 0.521542 0.303473 0.544427 0.277406 0.542375
1 0.431691 0.468531 0.461613 0.469047 0.458699 0.487828 0.428488 0.487698
1 0.462777 0.469562 0.490852 0.469307 0.489395 0.487958 0.461418 0.487182
1 0.492891 0.470083 0.520188 0.470729 0.520188 0.488474 0.491727 0.488214
1 0.522617 0.470990 0.549523 0.471896 0.549816 0.490286 0.522324 0.489771
1 0.418773 0.485755 0.443738 0.486661 0.439465 0.506609 0.413430 0.505703
1 0.445777 0.485234 0.475891 0.486792 0.473172 0.507901 0.440629 0.506089
1 0.478125 0.487760 0.506133 0.488073 0.504355 0.508422 0.475020 0.508031
1 0.507305 0.489115 0.537680 0.489771 0.538164 0.509844 0.506434 0.508766
1 0.540352 0.489792 0.568359 0.490630 0.570059 0.511245 0.540836 0.509734
1 0.411711 0.505021 0.438184 0.505453 0.433566 0.527901 0.407180 0.526823
1 0.439598 0.506057 0.468578 0.506917 0.466070 0.530125 0.435227 0.528292
1 0.469957 0.507349 0.500148 0.507458 0.499180 0.530016 0.468578 0.529594
1 0.502254 0.508000 0.533500 0.509188 0.533906 0.531646 0.501285 0.530990
1 0.535445 0.509630 0.565395 0.511130 0.566602 0.533911 0.535523 0.532068
1 0.406652 0.526573 0.435313 0.527969 0.430773 0.552901 0.400742 0.552146
1 0.437484 0.527969 0.470848 0.529490 0.468094 0.554089 0.433770 0.552792
1 0.472699 0.529703 0.505977 0.531312 0.504035 0.555609 0.470117 0.553448
1 0.507758 0.531203 0.539328 0.532068 0.539652 0.556578 0.507105 0.555922
