1 0.226926 0.461156 0.251453 0.462125 0.242305 0.478427 0.216887 0.477885
1 0.251938 0.462021 0.276145 0.461693 0.268047 0.478531 0.243277 0.477995
1 0.277035 0.461802 0.303344 0.462234 0.295086 0.479505 0.268937 0.478854
1 0.304801 0.462344 0.330785 0.462344 0.323824 0.479073 0.297109 0.478750
1 0.201266 0.478208 0.225469 0.478964 0.214863 0.495911 0.189930 0.495479
1 0.225953 0.479182 0.250887 0.478427 0.242145 0.496125 0.216320 0.495479
1 0.251617 0.478964 0.278250 0.479505 0.268937 0.497635 0.243359 0.495693
1 0.278652 0.479182 0.306660 0.478964 0.298082 0.497745 0.269586 0.497099
1 0.308121 0.479615 0.329488 0.480370 0.322367 0.499042 0.299621 0.498391
1 0.188312 0.495693 0.214379 0.496344 0.202641 0.514365 0.176738 0.514797
1 0.215512 0.495911 0.239879 0.496448 0.228949 0.516417 0.203449 0.515120
1 0.240281 0.496880 0.266672 0.497531 0.256633 0.517714 0.230891 0.516203
1 0.268777 0.497422 0.294762 0.497422 0.286102 0.518578 0.258578 0.517062
1 0.297594 0.498500 0.321477 0.499042 0.313383 0.520734 0.288934 0.518792
1 0.176492 0.515552 0.200617 0.516094 0.187906 0.538219 0.163621 0.537464
1 0.201668 0.516203 0.226520 0.516635 0.215352 0.538438 0.189285 0.538115
1 0.227816 0.517172 0.255340 0.518146 0.244652 0.540917 0.217375 0.539083
1 0.257687 0.517391 0.283914 0.519005 0.274848 0.542859 0.246109 0.540271
1 0.287801 0.518901 0.313219 0.520734 0.303992 0.544370 0.277438 0.542323
1 0.433684 0.469073 0.460496 0.469979 0.458457 0.487464 0.430867 0.486818
1 0.463312 0.468943 0.487598 0.469979 0.487402 0.487984 0.460980 0.486818
1 0.492453 0.469979 0.520238 0.469979 0.520234 0.488646 0.490219 0.487854
1 0.522180 0.471661 0.549184 0.472443 0.550738 0.489797 0.522473 0.489667
1 0.418141 0.486427 0.443594 0.487208 0.440000 0.506245 0.413383 0.505469
1 0.445926 0.486297 0.476039 0.486948 0.473219 0.507927 0.442039 0.506375
1 0.478758 0.486297 0.505977 0.487344 0.504402 0.508833 0.474871 0.507802
1 0.506441 0.507797 0.507383 0.488437 0.538047 0.489531 0.537992 0.509677
1 0.540113 0.488536 0.569020 0.490401 0.570418 0.511693 0.540113 0.509828
1 0.412371 0.505521 0.437629 0.506036 0.432770 0.528188 0.405961 0.527797
1 0.439473 0.506167 0.468906 0.506943 0.465895 0.529479 0.434617 0.528703
1 0.469977 0.507464 0.500477 0.507724 0.499117 0.530000 0.467742 0.529094
1 0.502227 0.508630 0.533602 0.509276 0.533797 0.531297 0.501254 0.529870
1 0.535547 0.509276 0.565562 0.510573 0.566535 0.534661 0.535254 0.531552
1 0.406445 0.528188 0.435684 0.528443 0.430926 0.552406 0.400715 0.552667
1 0.437336 0.528964 0.471336 0.529479 0.468035 0.553182 0.432965 0.552536
1 0.472695 0.529354 0.505820 0.530906 0.503781 0.555776 0.469297 0.554089
1 0.507473 0.530646 0.539336 0.531943 0.539723 0.556031 0.506988 0.554870
