1 0.227629 0.461651 0.251816 0.461521 0.241715 0.478620 0.217043 0.477844
1 0.253148 0.461563 0.275879 0.461818 0.267914 0.478656 0.243336 0.477880
1 0.277336 0.462339 0.302883 0.462078 0.295211 0.479432 0.268301 0.478656
1 0.305215 0.461948 0.330277 0.462854 0.323477 0.478917 0.297250 0.478396
1 0.201180 0.477880 0.224590 0.478271 0.214570 0.495729 0.189910 0.494979
1 0.225949 0.478917 0.251109 0.478656 0.241781 0.496016 0.216039 0.495495
1 0.251496 0.478656 0.277434 0.479307 0.268789 0.497307 0.242949 0.495755
1 0.279570 0.479177 0.306480 0.479432 0.298223 0.497568 0.270148 0.496401
1 0.308422 0.479563 0.329891 0.480469 0.322703 0.498604 0.299969 0.497828
1 0.188551 0.495365 0.214195 0.496661 0.202926 0.514792 0.177477 0.513755
1 0.215359 0.496531 0.239453 0.496792 0.228863 0.516479 0.203801 0.515182
1 0.241590 0.497177 0.266652 0.497828 0.257035 0.517771 0.230320 0.516089
1 0.268789 0.497438 0.294918 0.498344 0.285789 0.518552 0.258590 0.517385
1 0.297930 0.498734 0.322313 0.499250 0.313277 0.520750 0.289188 0.518938
1 0.174758 0.516349 0.200691 0.516609 0.187383 0.538495 0.163293 0.536813
1 0.201469 0.516349 0.226727 0.517125 0.215848 0.538495 0.189230 0.538109
1 0.228766 0.517385 0.255285 0.517901 0.244406 0.540698 0.217207 0.538885
1 0.257715 0.518161 0.284430 0.519328 0.274813 0.542125 0.246156 0.540568
1 0.287438 0.519844 0.312793 0.520880 0.303566 0.544068 0.277918 0.541865
1 0.434129 0.468901 0.460121 0.468906 0.458023 0.487245 0.432262 0.486313
1 0.463504 0.469057 0.490195 0.469990 0.488680 0.487865 0.460473 0.487401
1 0.492992 0.469990 0.520973 0.470615 0.520156 0.488490 0.491129 0.488333
1 0.523418 0.471234 0.550230 0.471859 0.550461 0.490198 0.523187 0.489109
1 0.417574 0.486156 0.442754 0.487089 0.439723 0.506984 0.412094 0.505740
1 0.444969 0.486776 0.475160 0.487708 0.473410 0.508073 0.442055 0.507141
1 0.477258 0.487865 0.503953 0.488021 0.503367 0.508849 0.474926 0.507604
1 0.507344 0.486146 0.537988 0.486156 0.538340 0.509005 0.506168 0.508849
1 0.540902 0.489573 0.567832 0.490198 0.570164 0.510714 0.540555 0.509781
1 0.411395 0.505271 0.437043 0.506208 0.433777 0.528432 0.407082 0.526875
1 0.439141 0.506984 0.468516 0.507448 0.466418 0.529365 0.435293 0.528589
1 0.470613 0.506984 0.499754 0.507604 0.498937 0.530141 0.468164 0.529677
1 0.501852 0.508693 0.534027 0.509625 0.533910 0.531385 0.501387 0.530609
1 0.535426 0.509625 0.565500 0.511177 0.565965 0.533563 0.535426 0.532005
1 0.406383 0.527500 0.434941 0.528589 0.430980 0.553146 0.401023 0.551901
1 0.437855 0.528589 0.470730 0.529052 0.467934 0.553922 0.433777 0.552370
1 0.472711 0.528745 0.506398 0.530917 0.504184 0.555943 0.469449 0.553922
1 0.507332 0.530917 0.538805 0.530917 0.539738 0.555786 0.507215 0.555474
