1 0.228520 0.461198 0.251590 0.461740 0.241797 0.478359 0.217270 0.477818
1 0.253422 0.461318 0.276328 0.461750 0.267992 0.478370 0.242977 0.478370
1 0.278031 0.462182 0.303125 0.462396 0.296000 0.479234 0.268801 0.478589
1 0.305797 0.462286 0.330566 0.462719 0.323523 0.478589 0.297133 0.478260
1 0.202422 0.478911 0.225008 0.479021 0.214969 0.495531 0.190441 0.494562
1 0.227031 0.478260 0.251234 0.478693 0.241766 0.496719 0.216508 0.495531
1 0.252289 0.478260 0.278273 0.479125 0.268559 0.497474 0.243141 0.495964
1 0.279813 0.479344 0.306363 0.479557 0.297699 0.497906 0.270098 0.496182
1 0.308953 0.479667 0.329516 0.480313 0.322066 0.499094 0.299805 0.498016
1 0.188418 0.495750 0.213918 0.495964 0.202664 0.514635 0.176762 0.514203
1 0.215133 0.496719 0.239820 0.496937 0.229055 0.516578 0.203637 0.515177
1 0.241035 0.496937 0.266453 0.497693 0.257227 0.517443 0.230672 0.515714
1 0.268883 0.497906 0.295031 0.498552 0.286125 0.519062 0.258926 0.517229
1 0.298187 0.498448 0.321258 0.499740 0.313324 0.520896 0.289199 0.519062
1 0.175063 0.515068 0.201047 0.516797 0.187445 0.538276 0.162434 0.536656
1 0.202180 0.516578 0.226949 0.517229 0.215051 0.538599 0.189469 0.537734
1 0.228973 0.517443 0.255203 0.518198 0.244758 0.540755 0.217074 0.538380
1 0.257551 0.518521 0.284508 0.519818 0.275035 0.543130 0.246215 0.540865
1 0.287988 0.519495 0.313164 0.521005 0.303527 0.544318 0.277707 0.542161
1 0.433344 0.469099 0.461223 0.469615 0.458406 0.488141 0.430430 0.486974
1 0.462777 0.469099 0.490852 0.469359 0.489879 0.488141 0.460738 0.487490
1 0.492406 0.470911 0.519801 0.470911 0.519605 0.489172 0.492793 0.488266
1 0.522813 0.471302 0.550012 0.472078 0.550012 0.489563 0.522617 0.488917
1 0.416441 0.486714 0.442574 0.487490 0.439754 0.506531 0.412363 0.505365
1 0.445195 0.486714 0.475309 0.487490 0.473367 0.507953 0.441602 0.506661
1 0.478223 0.487229 0.506004 0.487880 0.505133 0.508734 0.474922 0.507307
1 0.507852 0.487490 0.537770 0.488266 0.538352 0.510026 0.507074 0.508734
1 0.540102 0.488917 0.568855 0.490208 0.569926 0.510677 0.540297 0.509771
1 0.411293 0.505880 0.437523 0.506401 0.433637 0.528292 0.407215 0.526995
1 0.439074 0.507047 0.468414 0.507698 0.466371 0.529453 0.435191 0.528677
1 0.470840 0.507698 0.500078 0.508474 0.499012 0.531010 0.468414 0.530234
1 0.501539 0.509120 0.533594 0.510417 0.533980 0.531786 0.501633 0.530620
1 0.535535 0.510026 0.565746 0.510802 0.566523 0.533229 0.535535 0.532562
1 0.406727 0.526995 0.434898 0.528031 0.431207 0.552641 0.401578 0.550828
1 0.437426 0.528417 0.470937 0.529453 0.468121 0.553932 0.433637 0.552641
1 0.472395 0.529583 0.506395 0.531010 0.504258 0.556005 0.470062 0.553932
1 0.507949 0.530750 0.539227 0.531526 0.539813 0.555750 0.507367 0.555229
