1 0.417897 0.403182 0.436353 0.400076 0.436840 0.415489 0.418383 0.417689
1 0.437130 0.398911 0.457047 0.397613 0.456170 0.413418 0.436550 0.414969
1 0.457337 0.397613 0.475017 0.396320 0.474823 0.412120 0.456267 0.413284
1 0.474920 0.396320 0.494443 0.394764 0.494153 0.410049 0.475307 0.411471
1 0.494930 0.392693 0.513483 0.391916 0.513483 0.407071 0.494640 0.409013
1 0.514067 0.391658 0.531163 0.391009 0.532330 0.406422 0.513777 0.407200
1 0.531940 0.391009 0.550593 0.389582 0.551173 0.404218 0.532813 0.405644
1 0.550397 0.389324 0.568467 0.388289 0.570700 0.402018 0.551757 0.403702
1 0.568660 0.388676 0.586533 0.386996 0.588963 0.401111 0.570797 0.402276
1 0.586823 0.387124 0.605573 0.386476 0.608293 0.399818 0.589253 0.400982
1 0.418093 0.417302 0.437423 0.415876 0.436743 0.430902 0.416537 0.433231
1 0.437617 0.415618 0.455783 0.413284 0.455587 0.429089 0.436937 0.430640
1 0.456560 0.413547 0.475210 0.412511 0.475503 0.426627 0.455977 0.428569
1 0.475017 0.411471 0.494443 0.410436 0.495027 0.425462 0.475697 0.426240
1 0.494930 0.409400 0.513677 0.408107 0.514553 0.421578 0.495027 0.424427
1 0.514163 0.407587 0.532330 0.406551 0.533690 0.420538 0.515037 0.421578
1 0.532233 0.405387 0.551853 0.404480 0.553603 0.418724 0.534370 0.419893
1 0.551953 0.403053 0.570603 0.402018 0.572740 0.417173 0.553700 0.418209
1 0.571573 0.402147 0.588670 0.401111 0.591487 0.416653 0.573420 0.417689
1 0.589350 0.401369 0.607613 0.400204 0.610917 0.414969 0.591780 0.416267
1 0.417120 0.433231 0.436647 0.431418 0.436353 0.446960 0.415953 0.448773
1 0.436550 0.430902 0.455587 0.429347 0.456073 0.445018 0.436353 0.446444
1 0.456367 0.428311 0.475793 0.427013 0.475793 0.443076 0.455880 0.444631
1 0.475793 0.425978 0.495220 0.425071 0.495900 0.441262 0.476083 0.442560
1 0.495803 0.424427 0.514843 0.422484 0.516203 0.438156 0.496000 0.440356
1 0.514843 0.421964 0.533203 0.420671 0.535827 0.435822 0.516010 0.437764
1 0.534660 0.420671 0.553893 0.419116 0.555837 0.434267 0.536020 0.435436
1 0.554867 0.418724 0.573323 0.417302 0.575363 0.432067 0.556130 0.433751
1 0.573613 0.417431 0.591973 0.416782 0.595373 0.431289 0.575653 0.432453
1 0.592567 0.416667 0.610623 0.415747 0.615580 0.430902 0.595373 0.432067
1 0.415760 0.450200 0.435770 0.447609 0.435673 0.464449 0.415470 0.467036
1 0.437230 0.447351 0.456657 0.445538 0.456850 0.462244 0.436550 0.463542
1 0.457047 0.444760 0.476377 0.443596 0.477057 0.460560 0.457240 0.461858
1 0.476667 0.442689 0.496097 0.441653 0.497553 0.457969 0.477347 0.460302
1 0.497360 0.439969 0.517077 0.438027 0.519117 0.454862 0.498233 0.458231
1 0.517467 0.438022 0.537770 0.436342 0.539613 0.452662 0.519020 0.454862
1 0.538253 0.435822 0.557293 0.435173 0.559237 0.451364 0.539420 0.452920
1 0.558070 0.434400 0.578470 0.433102 0.581093 0.449680 0.560110 0.450978
