1 0.226328 0.461740 0.251488 0.461484 0.241289 0.478839 0.217102 0.477542
1 0.253141 0.461224 0.275871 0.462130 0.267711 0.478578 0.243230 0.477802
1 0.277133 0.461870 0.303262 0.462000 0.295785 0.479359 0.268875 0.478448
1 0.305984 0.461740 0.330461 0.462521 0.323762 0.479359 0.297434 0.478578
1 0.199809 0.478193 0.225941 0.478323 0.214574 0.496193 0.190289 0.494901
1 0.226133 0.478839 0.250906 0.478578 0.241773 0.496714 0.215645 0.495938
1 0.251777 0.478063 0.278105 0.479229 0.268680 0.496974 0.242648 0.496714
1 0.278785 0.479099 0.306566 0.479484 0.297922 0.498135 0.270043 0.496714
1 0.308605 0.479099 0.329977 0.480135 0.322594 0.499302 0.299961 0.497620
1 0.188539 0.495547 0.213020 0.496974 0.202527 0.514589 0.178340 0.513807
1 0.214770 0.496323 0.239832 0.497099 0.229047 0.516786 0.203695 0.515104
1 0.241871 0.497229 0.266352 0.497750 0.256637 0.518083 0.230313 0.516141
1 0.268586 0.497099 0.295395 0.498266 0.286266 0.518474 0.259160 0.517307
1 0.298211 0.499172 0.321719 0.499693 0.313656 0.520547 0.288984 0.518990
1 0.174359 0.514974 0.200781 0.516786 0.187180 0.538807 0.162215 0.536995
1 0.201945 0.516401 0.226813 0.517307 0.215059 0.538677 0.189316 0.537641
1 0.228367 0.517437 0.255082 0.517823 0.244008 0.540880 0.216906 0.538937
1 0.257219 0.518083 0.284031 0.519250 0.274219 0.543083 0.246145 0.540750
1 0.287430 0.519380 0.312492 0.520547 0.303359 0.544120 0.277910 0.541786
1 0.433973 0.468443 0.461172 0.469521 0.458582 0.487219 0.430086 0.486141
1 0.462953 0.469844 0.490719 0.470276 0.489102 0.488193 0.460687 0.487219
1 0.491852 0.470813 0.520266 0.470922 0.519051 0.488406 0.491285 0.488193
1 0.522613 0.471573 0.549813 0.472000 0.550297 0.490026 0.522531 0.488839
1 0.417863 0.485818 0.442715 0.487115 0.439641 0.506865 0.412766 0.505786
1 0.445145 0.487328 0.475418 0.487760 0.472668 0.507839 0.441746 0.506542
1 0.477852 0.487135 0.504141 0.488177 0.503266 0.508594 0.475352 0.506979
1 0.506828 0.487870 0.537590 0.488625 0.538156 0.509885 0.506828 0.508698
1 0.539773 0.490349 0.568352 0.491214 0.569891 0.510859 0.540344 0.509781
1 0.411469 0.505354 0.436969 0.506865 0.433406 0.528563 0.407340 0.526724
1 0.438992 0.506865 0.468621 0.507510 0.465867 0.530073 0.434539 0.528776
1 0.470078 0.508052 0.499949 0.508052 0.498977 0.530286 0.467566 0.528990
1 0.501566 0.508484 0.533867 0.509781 0.533785 0.531365 0.501000 0.530609
1 0.535648 0.509995 0.565516 0.511073 0.566246 0.534172 0.535809 0.532016
1 0.406125 0.528344 0.434945 0.529099 0.430816 0.552844 0.401594 0.551552
1 0.437535 0.528453 0.470563 0.529422 0.468133 0.554031 0.433566 0.552198
1 0.472750 0.529422 0.506180 0.530828 0.504156 0.555974 0.469754 0.553167
1 0.508043 0.530396 0.539207 0.531365 0.539937 0.556406 0.507234 0.555328
