1 0.417673 0.402991 0.437303 0.400293 0.437100 0.415493 0.417740 0.417471
1 0.437370 0.400204 0.456597 0.398764 0.456057 0.412618 0.437033 0.414956
1 0.457137 0.398493 0.474677 0.397324 0.474607 0.411356 0.456260 0.412258
1 0.475483 0.396156 0.493430 0.395258 0.493970 0.409378 0.474877 0.411267
1 0.494600 0.393378 0.513667 0.392018 0.513060 0.406680 0.494533 0.408889
1 0.513667 0.392018 0.532017 0.391569 0.532553 0.405782 0.513530 0.406591
1 0.532690 0.390218 0.550500 0.390400 0.550500 0.404071 0.532960 0.404969
1 0.549757 0.389231 0.568713 0.388240 0.570803 0.402093 0.550633 0.403440
1 0.569183 0.388422 0.586927 0.386982 0.588817 0.401102 0.570803 0.402093
1 0.586993 0.386711 0.605007 0.386262 0.608447 0.400022 0.589017 0.401191
1 0.417713 0.417827 0.436900 0.415560 0.436497 0.432182 0.417067 0.432938
1 0.437223 0.414911 0.456410 0.413400 0.455923 0.429591 0.436497 0.430884
1 0.456893 0.413076 0.475433 0.411564 0.475513 0.427324 0.456893 0.428298
1 0.476890 0.410378 0.495183 0.409622 0.495103 0.424733 0.476080 0.426569
1 0.496073 0.408653 0.513560 0.407356 0.514370 0.421604 0.495183 0.424302
1 0.513867 0.406867 0.532980 0.405667 0.534217 0.419911 0.514430 0.421484
1 0.532983 0.405520 0.551757 0.403947 0.553387 0.418187 0.534330 0.419684
1 0.552060 0.403244 0.570760 0.402164 0.572783 0.417382 0.553597 0.418462
1 0.571003 0.401947 0.588973 0.401516 0.591727 0.416302 0.573270 0.416738
1 0.589297 0.401196 0.608240 0.400440 0.611073 0.414902 0.591887 0.415982
1 0.417067 0.431920 0.436493 0.431560 0.436360 0.447027 0.416190 0.448378
1 0.436967 0.430751 0.455653 0.429311 0.455653 0.445409 0.436493 0.446400
1 0.455853 0.428049 0.476293 0.426520 0.476293 0.442440 0.455853 0.443791
1 0.476767 0.426431 0.494980 0.424542 0.496193 0.440644 0.476360 0.441364
1 0.495520 0.424004 0.514747 0.421844 0.516500 0.437493 0.496397 0.439564
1 0.515083 0.421307 0.533433 0.420587 0.536130 0.435964 0.516633 0.437587
1 0.534700 0.419644 0.554410 0.418604 0.555760 0.434258 0.536130 0.435516
1 0.555087 0.418787 0.572693 0.417436 0.575053 0.432098 0.556437 0.433449
1 0.573367 0.417258 0.592867 0.415911 0.595090 0.431560 0.575660 0.432098
1 0.592867 0.416178 0.611280 0.414649 0.615530 0.430031 0.595560 0.431200
1 0.415997 0.449307 0.434783 0.446933 0.435720 0.463422 0.416323 0.466422
1 0.436657 0.446187 0.456613 0.444871 0.456613 0.461613 0.436187 0.463111
1 0.456893 0.444436 0.477223 0.442373 0.477367 0.459551 0.456753 0.461111
1 0.477580 0.441796 0.496460 0.440671 0.497257 0.457409 0.477393 0.459222
1 0.497163 0.439107 0.518057 0.437422 0.518807 0.455160 0.498053 0.456787
1 0.518337 0.437298 0.538623 0.435733 0.538997 0.453351 0.519227 0.455036
1 0.538200 0.435671 0.558063 0.434800 0.559703 0.451600 0.538810 0.452724
1 0.558627 0.434111 0.578347 0.433111 0.580690 0.448476 0.560407 0.450040
