1 0.227727 0.461005 0.251816 0.461651 0.241812 0.478229 0.216848 0.477583
1 0.253559 0.461365 0.276289 0.461885 0.267641 0.478333 0.243551 0.477427
1 0.276871 0.462271 0.302809 0.462401 0.295812 0.479630 0.268906 0.478464
1 0.304266 0.461885 0.330590 0.462271 0.324566 0.479109 0.297172 0.478724
1 0.201199 0.477557 0.225289 0.478854 0.214797 0.495557 0.191191 0.495042
1 0.225969 0.478333 0.251418 0.478594 0.242676 0.496469 0.216156 0.495688
1 0.251906 0.479109 0.277938 0.479240 0.268418 0.496724 0.242484 0.495948
1 0.278813 0.478979 0.305914 0.479370 0.297754 0.498021 0.269586 0.496724
1 0.308734 0.479109 0.329230 0.480406 0.322332 0.499188 0.299406 0.498281
1 0.189055 0.494781 0.214410 0.496078 0.202848 0.514729 0.176719 0.513953
1 0.215477 0.495948 0.239375 0.496339 0.228980 0.516156 0.203918 0.515245
1 0.241219 0.496984 0.265992 0.497760 0.256082 0.518099 0.230047 0.516672
1 0.269000 0.496984 0.295230 0.497760 0.286098 0.518099 0.258121 0.517578
1 0.297563 0.499448 0.321457 0.499573 0.313688 0.520557 0.288723 0.519130
1 0.175066 0.516411 0.200324 0.516281 0.187500 0.538172 0.163023 0.537266
1 0.201102 0.516932 0.226551 0.517062 0.215090 0.538432 0.189445 0.537656
1 0.228301 0.517708 0.254527 0.518354 0.244813 0.541151 0.216934 0.538562
1 0.257539 0.518615 0.284156 0.520167 0.274441 0.542703 0.246176 0.540245
1 0.287652 0.520167 0.311937 0.520818 0.303680 0.544646 0.277453 0.542578
1 0.434395 0.469115 0.461012 0.469240 0.458379 0.486854 0.430898 0.486724
1 0.463340 0.468854 0.490348 0.469891 0.489957 0.487505 0.460816 0.486984
1 0.492289 0.470146 0.519879 0.471182 0.519973 0.489318 0.491902 0.488281
1 0.522500 0.471443 0.549602 0.472479 0.549895 0.490740 0.521906 0.489964
1 0.419426 0.486339 0.442844 0.486469 0.439832 0.506156 0.415258 0.504859
1 0.445371 0.486599 0.475871 0.487245 0.472957 0.507969 0.441777 0.506411
1 0.478594 0.486208 0.503461 0.486599 0.502879 0.508354 0.475191 0.507193
1 0.506910 0.487687 0.537703 0.488203 0.538090 0.509188 0.506520 0.508406
1 0.540344 0.489937 0.568516 0.491495 0.570273 0.511568 0.540441 0.509755
1 0.412410 0.504964 0.437484 0.506260 0.433207 0.528536 0.407176 0.527630
1 0.438445 0.506776 0.468566 0.507297 0.466031 0.530089 0.435055 0.528406
1 0.470211 0.507422 0.499848 0.508073 0.498770 0.530349 0.468082 0.529573
1 0.501594 0.508589 0.533254 0.509625 0.534031 0.532031 0.501012 0.531646
1 0.535984 0.509495 0.565602 0.510922 0.566086 0.534104 0.535586 0.532422
1 0.406484 0.526854 0.435055 0.528146 0.431063 0.552495 0.401047 0.550943
1 0.437773 0.527109 0.470793 0.529443 0.468277 0.554438 0.433793 0.552495
1 0.473133 0.528927 0.506648 0.530740 0.504605 0.555349 0.469625 0.554312
1 0.507707 0.530219 0.539180 0.531901 0.539578 0.556255 0.507121 0.555865
