1 0.418100 0.401787 0.437043 0.400489 0.437043 0.415124 0.418200 0.417200
1 0.437043 0.400880 0.455890 0.398027 0.455697 0.413053 0.437433 0.414867
1 0.456410 0.397471 0.474687 0.396284 0.474963 0.411587 0.455943 0.412649
1 0.474780 0.396347 0.493280 0.394787 0.494263 0.409400 0.474733 0.410773
1 0.494457 0.392351 0.513287 0.391662 0.513520 0.406716 0.494033 0.407591
1 0.513520 0.392036 0.531510 0.390911 0.532540 0.406027 0.513147 0.406964
1 0.531277 0.390289 0.550670 0.389164 0.551607 0.402907 0.532680 0.404333
1 0.550810 0.389413 0.568567 0.387791 0.570253 0.402093 0.551513 0.402218
1 0.568707 0.387916 0.587163 0.386791 0.589180 0.400156 0.570207 0.401404
1 0.587070 0.386604 0.605293 0.385978 0.607450 0.398844 0.588803 0.400342
1 0.417280 0.417924 0.437113 0.415493 0.436440 0.431324 0.417280 0.432493
1 0.437317 0.414596 0.456543 0.413156 0.456137 0.429164 0.436913 0.430604
1 0.457217 0.413067 0.475837 0.411898 0.475567 0.426289 0.456273 0.427636
1 0.476510 0.410996 0.495130 0.409560 0.495263 0.424129 0.476037 0.425747
1 0.496007 0.409107 0.514353 0.408480 0.514893 0.422418 0.495533 0.424040
1 0.514827 0.407311 0.533447 0.406138 0.534053 0.420262 0.514827 0.421071
1 0.533040 0.404702 0.551860 0.402720 0.553480 0.417742 0.533917 0.419720
1 0.551860 0.403173 0.570413 0.401733 0.572900 0.416756 0.553413 0.417742
1 0.571290 0.401191 0.589640 0.400116 0.591527 0.415764 0.572707 0.416756
1 0.589977 0.400293 0.607313 0.399844 0.610957 0.413787 0.592203 0.415764
1 0.417397 0.432422 0.436083 0.431253 0.436217 0.446453 0.416720 0.448253
1 0.436890 0.429991 0.455983 0.428916 0.456117 0.444476 0.436757 0.445822
1 0.456590 0.427924 0.476017 0.426573 0.476153 0.442316 0.456117 0.443667
1 0.476153 0.426307 0.495790 0.424147 0.496457 0.439978 0.476220 0.441867
1 0.495850 0.423516 0.516157 0.421898 0.516763 0.437729 0.497003 0.439347
1 0.515750 0.420907 0.534437 0.419831 0.535650 0.435840 0.516290 0.437640
1 0.534977 0.419831 0.554607 0.418569 0.556293 0.433862 0.535787 0.435480
1 0.555013 0.417849 0.573360 0.416951 0.575250 0.432151 0.556767 0.433413
1 0.574170 0.416680 0.592317 0.415960 0.594683 0.431071 0.575790 0.431880
1 0.593127 0.415333 0.611610 0.414342 0.615320 0.430173 0.595083 0.430173
1 0.415667 0.449013 0.436410 0.447516 0.436183 0.463853 0.415553 0.466929
1 0.437253 0.446916 0.456140 0.445342 0.456027 0.460631 0.437027 0.462431
1 0.456703 0.444742 0.476433 0.442791 0.476940 0.458760 0.456533 0.460631
1 0.477277 0.442569 0.496673 0.441142 0.497627 0.456960 0.478007 0.458458
1 0.497280 0.439551 0.518003 0.438258 0.519380 0.454662 0.498497 0.456498
1 0.518207 0.437867 0.538583 0.435991 0.539287 0.451920 0.519517 0.453480
1 0.538630 0.435329 0.558213 0.434391 0.560040 0.450693 0.538773 0.451569
1 0.558877 0.433529 0.578710 0.432773 0.580977 0.449071 0.560090 0.450582
