1 0.225859 0.465052 0.217566 0.476813 0.241512 0.477891 0.249063 0.465729
1 0.250027 0.465031 0.274984 0.464937 0.268375 0.478250 0.243012 0.477531
1 0.275727 0.464401 0.301969 0.464042 0.295223 0.479063 0.268781 0.478073
1 0.303926 0.462062 0.330707 0.462333 0.324230 0.478521 0.296977 0.478161
1 0.202129 0.478161 0.224930 0.478521 0.214680 0.496422 0.189852 0.494891
1 0.225605 0.478344 0.251242 0.478161 0.242066 0.496510 0.215891 0.495703
1 0.251645 0.478344 0.278223 0.479240 0.268375 0.497229 0.242809 0.496240
1 0.278762 0.479693 0.306555 0.479781 0.298191 0.498219 0.269590 0.496958
1 0.308984 0.479693 0.329629 0.479870 0.322207 0.499656 0.299676 0.498219
1 0.189379 0.494260 0.214477 0.496151 0.202738 0.515219 0.176563 0.515307
1 0.215285 0.496422 0.239703 0.496781 0.229180 0.516839 0.203953 0.515307
1 0.240785 0.496781 0.266758 0.497500 0.257312 0.517109 0.231004 0.516026
1 0.268781 0.498130 0.295492 0.498219 0.286051 0.518995 0.258457 0.517198
1 0.297922 0.498490 0.321602 0.499568 0.313234 0.520344 0.288746 0.519177
1 0.176359 0.514948 0.201187 0.516297 0.187625 0.538245 0.163207 0.537526
1 0.202062 0.516385 0.227426 0.517380 0.215621 0.537703 0.189312 0.537703
1 0.229113 0.517016 0.254949 0.517917 0.244426 0.540401 0.216836 0.538786
1 0.257516 0.518188 0.284297 0.519625 0.275188 0.542380 0.246250 0.540583
1 0.288004 0.519984 0.312965 0.520526 0.303250 0.544453 0.277887 0.541932
1 0.434055 0.468281 0.461254 0.469318 0.458340 0.486802 0.430848 0.486932
1 0.463488 0.469062 0.490785 0.469969 0.489219 0.487604 0.459797 0.487063
1 0.491949 0.469969 0.519730 0.470745 0.519539 0.488875 0.490008 0.487193
1 0.523133 0.471000 0.549457 0.472036 0.550039 0.490302 0.523324 0.488620
1 0.421426 0.486417 0.442895 0.486417 0.439687 0.507010 0.415402 0.506234
1 0.446391 0.485766 0.475531 0.487063 0.473203 0.507396 0.441242 0.506880
1 0.477863 0.486677 0.503703 0.487453 0.503121 0.509083 0.474852 0.507917
1 0.507688 0.487193 0.537605 0.487839 0.538188 0.509469 0.506715 0.508307
1 0.540324 0.489911 0.568012 0.491469 0.570051 0.510896 0.540520 0.509599
1 0.411711 0.504292 0.437066 0.506104 0.432695 0.528641 0.407047 0.526828
1 0.439105 0.506620 0.468828 0.507526 0.466305 0.529677 0.434637 0.528641
1 0.470383 0.507917 0.499625 0.508177 0.498848 0.530583 0.467566 0.529807
1 0.502148 0.509469 0.533234 0.509599 0.534012 0.531359 0.501469 0.530844
1 0.535953 0.509729 0.565484 0.510766 0.566262 0.534078 0.535176 0.532266
1 0.406465 0.527344 0.435121 0.528250 0.430848 0.552990 0.401805 0.551177
1 0.437648 0.528641 0.470676 0.529677 0.468055 0.554156 0.433566 0.552729
1 0.472910 0.530193 0.506035 0.531099 0.504383 0.555839 0.469898 0.554026
1 0.507492 0.531099 0.538867 0.532005 0.539937 0.556745 0.507199 0.555839
