1 0.418387 0.402813 0.437277 0.401013 0.436803 0.415493 0.418387 0.416933
1 0.436803 0.400653 0.455693 0.398676 0.455693 0.413427 0.436803 0.414596
1 0.456570 0.398227 0.474513 0.396876 0.474717 0.411627 0.456503 0.412884
1 0.476067 0.396338 0.494820 0.394356 0.494750 0.409467 0.476403 0.411444
1 0.495357 0.393369 0.513773 0.392018 0.513640 0.407218 0.494683 0.407671
1 0.513910 0.391840 0.531313 0.390938 0.532867 0.405782 0.514450 0.406680
1 0.532190 0.390129 0.551147 0.389049 0.551890 0.402991 0.533133 0.404609
1 0.552023 0.388960 0.568753 0.387880 0.570643 0.402093 0.552023 0.403173
1 0.569630 0.387702 0.587640 0.385813 0.589463 0.399933 0.571047 0.401551
1 0.588113 0.386800 0.605787 0.386080 0.607947 0.398942 0.590003 0.400382
1 0.418253 0.417653 0.437007 0.415493 0.436737 0.430964 0.417443 0.432942
1 0.437817 0.414956 0.456433 0.413156 0.456030 0.428627 0.437480 0.430787
1 0.456907 0.413244 0.474987 0.411627 0.475187 0.426556 0.456433 0.427996
1 0.476470 0.411178 0.494887 0.409649 0.495427 0.424129 0.476537 0.426107
1 0.495157 0.408929 0.513640 0.407400 0.514517 0.421791 0.495763 0.423769
1 0.514180 0.406591 0.532393 0.405329 0.534080 0.419720 0.515327 0.421071
1 0.533270 0.405151 0.552157 0.403080 0.554250 0.418733 0.534753 0.419991
1 0.552293 0.402720 0.570573 0.401822 0.573747 0.417293 0.554453 0.418373
1 0.571587 0.401373 0.590207 0.400293 0.592160 0.415582 0.573070 0.416662
1 0.590677 0.400116 0.607880 0.399036 0.611050 0.414507 0.592363 0.415316
1 0.417363 0.432578 0.436813 0.431080 0.436420 0.446293 0.416687 0.448693
1 0.437263 0.430404 0.455870 0.428604 0.456377 0.444196 0.436870 0.445844
1 0.456827 0.427853 0.476163 0.426356 0.476333 0.442169 0.456320 0.443822
1 0.476727 0.426653 0.495447 0.424858 0.496457 0.440898 0.476727 0.441796
1 0.496063 0.424707 0.515460 0.422458 0.516527 0.438347 0.497020 0.439622
1 0.515233 0.421560 0.534067 0.419760 0.535360 0.436027 0.515853 0.437676
1 0.534740 0.419836 0.554587 0.418711 0.556440 0.434000 0.535920 0.435573
1 0.555373 0.418787 0.573080 0.417587 0.575667 0.431676 0.556440 0.433324
1 0.573980 0.417587 0.592813 0.416987 0.595340 0.430929 0.576003 0.432200
1 0.593880 0.416613 0.611813 0.415262 0.615017 0.429653 0.596130 0.430480
1 0.415947 0.449711 0.436520 0.447462 0.436070 0.463427 0.416060 0.466951
1 0.437307 0.446862 0.457097 0.445138 0.457433 0.460578 0.436803 0.463129
1 0.457263 0.444689 0.476770 0.442591 0.477840 0.458782 0.457827 0.460578
1 0.477110 0.442218 0.496617 0.440942 0.497910 0.455858 0.477953 0.458107
1 0.497627 0.439969 0.517977 0.438169 0.519550 0.454582 0.498977 0.456533
1 0.517753 0.437796 0.538160 0.435920 0.539677 0.451733 0.519157 0.453836
1 0.538497 0.435844 0.558173 0.434498 0.559970 0.450911 0.539397 0.452187
1 0.558733 0.433898 0.578577 0.432849 0.581220 0.448889 0.560983 0.450538
