1 0.226949 0.461167 0.251660 0.461630 0.241402 0.478417 0.216926 0.477948
1 0.253992 0.461167 0.276840 0.461786 0.267750 0.478880 0.243387 0.477797
1 0.276609 0.462406 0.303301 0.462099 0.296074 0.478880 0.268449 0.478573
1 0.306566 0.461630 0.330113 0.462719 0.324168 0.479661 0.297355 0.478573
1 0.200371 0.478417 0.224617 0.479036 0.214711 0.495979 0.190113 0.495047
1 0.225785 0.478729 0.250961 0.478260 0.241754 0.496599 0.215758 0.495823
1 0.251895 0.478417 0.277891 0.478880 0.268449 0.497531 0.242805 0.496599
1 0.278473 0.479036 0.305051 0.480438 0.297824 0.498000 0.270078 0.496911
1 0.308430 0.479505 0.329648 0.480438 0.322301 0.499396 0.299457 0.498620
1 0.188480 0.496292 0.213660 0.496755 0.202352 0.515719 0.176125 0.514786
1 0.215293 0.496448 0.239539 0.497068 0.228930 0.516651 0.203285 0.515719
1 0.241520 0.497068 0.266234 0.497844 0.256324 0.517896 0.230328 0.516339
1 0.268215 0.497844 0.294676 0.498620 0.285934 0.518828 0.259121 0.517271
1 0.298289 0.498932 0.321836 0.499865 0.313211 0.520849 0.289312 0.519135
1 0.176008 0.515875 0.200605 0.516807 0.187316 0.538568 0.162371 0.537167
1 0.201539 0.516807 0.226949 0.517115 0.215293 0.538568 0.188832 0.538255
1 0.228113 0.518047 0.254809 0.518359 0.244316 0.541052 0.216574 0.539031
1 0.257723 0.518672 0.283953 0.519448 0.274508 0.542760 0.245949 0.540589
1 0.287680 0.519604 0.311930 0.520849 0.303652 0.544474 0.277773 0.541672
1 0.434707 0.468687 0.461145 0.469438 0.458625 0.486969 0.430938 0.485833
1 0.462961 0.469250 0.490660 0.470370 0.489262 0.488458 0.460164 0.487526
1 0.492758 0.470370 0.519895 0.470927 0.519613 0.489208 0.491078 0.488833
1 0.521574 0.470927 0.550250 0.472422 0.550668 0.490323 0.521574 0.489391
1 0.419738 0.485104 0.442957 0.486224 0.439602 0.506365 0.414145 0.505245
1 0.445895 0.486224 0.475551 0.487344 0.473313 0.507484 0.441699 0.506177
1 0.477512 0.487344 0.503527 0.488089 0.502828 0.508792 0.475410 0.507484
1 0.507586 0.488458 0.537801 0.489208 0.538637 0.509161 0.506746 0.508604
1 0.539898 0.489021 0.568016 0.491073 0.570113 0.511401 0.539758 0.510281
1 0.413164 0.504500 0.436664 0.505807 0.433309 0.528188 0.407570 0.526693
1 0.438762 0.506922 0.468559 0.507109 0.465898 0.530052 0.435266 0.528563
1 0.469957 0.507297 0.499609 0.508417 0.498633 0.530797 0.467719 0.529495
1 0.533184 0.509724 0.501848 0.508417 0.501012 0.530609 0.534023 0.531542
1 0.535980 0.510094 0.565914 0.511026 0.566195 0.533594 0.535281 0.531917
1 0.406730 0.526323 0.434984 0.529120 0.431070 0.552620 0.400855 0.551130
1 0.438063 0.528563 0.470375 0.529677 0.468277 0.554109 0.433586 0.552063
1 0.472754 0.529677 0.505906 0.530609 0.504367 0.556161 0.469676 0.554109
1 0.507586 0.530797 0.538777 0.531729 0.539898 0.556161 0.506887 0.555047
