1 0.418567 0.402729 0.436830 0.400916 0.436637 0.414778 0.418567 0.418662
1 0.437413 0.401178 0.455580 0.398196 0.455773 0.412964 0.437023 0.414644
1 0.456453 0.398324 0.475297 0.396382 0.475103 0.411409 0.456063 0.412573
1 0.475783 0.396644 0.493853 0.395089 0.494433 0.409853 0.475880 0.410889
1 0.494727 0.393924 0.513960 0.392240 0.512793 0.407004 0.493950 0.407524
1 0.513863 0.393147 0.532223 0.392240 0.533000 0.404804 0.514057 0.407133
1 0.531347 0.391982 0.550000 0.389520 0.550970 0.403249 0.532700 0.404800
1 0.549903 0.388742 0.569040 0.387964 0.570690 0.401693 0.551163 0.402729
1 0.569233 0.387964 0.586233 0.386929 0.588660 0.400658 0.570883 0.402213
1 0.586523 0.387707 0.604787 0.386929 0.608090 0.400009 0.588660 0.400658
1 0.417987 0.417364 0.437220 0.415422 0.436637 0.431093 0.416430 0.433169
1 0.437220 0.415551 0.456260 0.413222 0.455967 0.428116 0.436830 0.430187
1 0.455967 0.413222 0.475297 0.411280 0.475493 0.426431 0.456063 0.427858
1 0.476757 0.410889 0.495017 0.408431 0.495113 0.423973 0.475783 0.426302
1 0.495407 0.409467 0.513960 0.408431 0.515127 0.422418 0.495503 0.423973
1 0.514533 0.407911 0.532900 0.405822 0.533967 0.420356 0.515333 0.421644
1 0.533387 0.405191 0.551943 0.403507 0.553883 0.419440 0.534263 0.420733
1 0.551847 0.403507 0.570883 0.402213 0.573120 0.417236 0.553787 0.418791
1 0.571370 0.401951 0.589147 0.400400 0.592060 0.416200 0.573700 0.417498
1 0.589437 0.400916 0.607700 0.399880 0.611003 0.414516 0.592157 0.415813
1 0.417207 0.432133 0.437413 0.430187 0.436150 0.447284 0.416430 0.449098
1 0.437510 0.430578 0.455870 0.428764 0.455773 0.444564 0.436733 0.446769
1 0.456453 0.428244 0.475590 0.426431 0.476367 0.442751 0.456063 0.444307
1 0.476173 0.426173 0.495113 0.424618 0.495893 0.440422 0.476173 0.442236
1 0.495793 0.424489 0.515417 0.422804 0.516390 0.437831 0.496280 0.439644
1 0.514930 0.421511 0.534553 0.419440 0.535913 0.436018 0.516290 0.437311
1 0.534943 0.420213 0.554177 0.419440 0.555243 0.434204 0.535720 0.435889
1 0.554563 0.419049 0.573313 0.417498 0.575353 0.432262 0.556120 0.434462
1 0.574090 0.418013 0.592547 0.415813 0.595657 0.431742 0.575643 0.432778
1 0.593033 0.415813 0.611100 0.414644 0.615180 0.430707 0.596043 0.432000
1 0.415653 0.448840 0.436540 0.446898 0.435867 0.464133 0.415557 0.466973
1 0.436343 0.447284 0.455967 0.444956 0.456063 0.461404 0.436343 0.463862
1 0.456647 0.444693 0.476560 0.442364 0.477047 0.459978 0.456357 0.462049
1 0.477337 0.442880 0.497057 0.440031 0.497543 0.456871 0.477337 0.459978
1 0.497350 0.439516 0.518527 0.437831 0.518913 0.455444 0.497833 0.457387
1 0.518913 0.437311 0.538343 0.435889 0.539507 0.452853 0.518913 0.454667
1 0.538440 0.435240 0.558160 0.434204 0.559810 0.451689 0.538927 0.453373
1 0.558547 0.433947 0.577880 0.432649 0.581280 0.448969 0.560393 0.451040
