1 0.418240 0.402751 0.436520 0.401311 0.437060 0.414982 0.418240 0.417680
1 0.437060 0.400951 0.455680 0.398973 0.456220 0.412822 0.437533 0.414982
1 0.456893 0.398342 0.475107 0.396364 0.475850 0.411293 0.456757 0.412911
1 0.476320 0.395733 0.494333 0.394564 0.494537 0.409316 0.476860 0.410573
1 0.495413 0.392853 0.512750 0.392133 0.513560 0.406524 0.494940 0.407787
1 0.512680 0.392133 0.531300 0.390964 0.532717 0.404996 0.513693 0.406436
1 0.531233 0.390876 0.550390 0.389436 0.551337 0.402480 0.532920 0.404280
1 0.550660 0.389347 0.568470 0.388538 0.570763 0.401760 0.551470 0.402929
1 0.568873 0.388178 0.586887 0.387280 0.589583 0.400409 0.570493 0.401938
1 0.587020 0.387009 0.604897 0.386738 0.608337 0.399240 0.589720 0.400142
1 0.417843 0.418236 0.436867 0.415756 0.436950 0.430542 0.417277 0.432809
1 0.437353 0.415320 0.456620 0.413164 0.456133 0.428489 0.437353 0.430218
1 0.456457 0.412516 0.475723 0.411436 0.475563 0.426978 0.456297 0.428058
1 0.477180 0.410898 0.494747 0.409493 0.495153 0.423849 0.475643 0.426116
1 0.495720 0.408631 0.513447 0.407764 0.514417 0.421364 0.495070 0.423849
1 0.514500 0.407876 0.533440 0.406796 0.533927 0.419098 0.515470 0.421258
1 0.532470 0.405716 0.551817 0.403449 0.553517 0.419098 0.533847 0.419640
1 0.551980 0.403124 0.570680 0.402262 0.573107 0.417267 0.553273 0.418778
1 0.570760 0.402044 0.590107 0.400644 0.592453 0.415862 0.573593 0.417156
1 0.590270 0.400969 0.607753 0.399671 0.611153 0.413702 0.592373 0.415000
1 0.417763 0.432484 0.436867 0.430542 0.435817 0.446840 0.416467 0.448782
1 0.437433 0.430542 0.456457 0.428600 0.455900 0.444356 0.436220 0.446298
1 0.456457 0.428164 0.476130 0.426653 0.476453 0.442196 0.456377 0.443707
1 0.476453 0.426116 0.495153 0.423956 0.496770 0.441009 0.476857 0.441658
1 0.495800 0.423849 0.515227 0.422444 0.516523 0.437342 0.496527 0.440147
1 0.516037 0.421258 0.534170 0.419964 0.536033 0.435720 0.516603 0.437773
1 0.534817 0.419964 0.554730 0.418991 0.556513 0.433996 0.536517 0.435396
1 0.555057 0.418884 0.573350 0.417373 0.575617 0.432267 0.556593 0.433240
1 0.573513 0.417480 0.592940 0.416293 0.595370 0.431187 0.576103 0.432053
1 0.593263 0.415756 0.611233 0.414351 0.615040 0.429787 0.596260 0.430862
1 0.415197 0.449636 0.435193 0.447693 0.436000 0.463991 0.415603 0.467120
1 0.437053 0.447258 0.455997 0.445209 0.456483 0.460533 0.436567 0.463342
1 0.457533 0.444884 0.476720 0.443267 0.477287 0.459458 0.457777 0.459996
1 0.476963 0.442187 0.496147 0.441000 0.497200 0.457191 0.478097 0.458267
1 0.498010 0.439596 0.517600 0.438191 0.519057 0.454169 0.498333 0.456436
1 0.518247 0.437760 0.537837 0.435711 0.539457 0.452227 0.519703 0.453520
1 0.538403 0.435387 0.557590 0.433876 0.559533 0.450498 0.539860 0.451902
1 0.558560 0.433876 0.578150 0.433013 0.581063 0.448987 0.561070 0.450391
