1 0.408858 0.441667 0.427118 0.440877 0.424751 0.456319 0.406574 0.455643
1 0.430727 0.442207 0.449242 0.442433 0.447805 0.456409 0.429205 0.455396
1 0.452708 0.442320 0.469954 0.440628 0.470378 0.454156 0.452116 0.455959
1 0.474435 0.441757 0.492357 0.441080 0.492527 0.454380 0.474605 0.455057
1 0.497176 0.441644 0.514846 0.441080 0.515775 0.454493 0.497683 0.455170
1 0.518057 0.441304 0.536657 0.440064 0.537672 0.453817 0.518735 0.455170
1 0.540039 0.441080 0.558131 0.438711 0.560328 0.453254 0.541645 0.454493
1 0.560158 0.440628 0.577658 0.439501 0.580280 0.452690 0.561765 0.453367
1 0.411368 0.460242 0.429545 0.461481 0.424556 0.475347 0.405789 0.473768
1 0.432249 0.461145 0.451441 0.461368 0.449157 0.475460 0.429713 0.475347
1 0.456175 0.461145 0.474942 0.461368 0.472068 0.476474 0.452539 0.474444
1 0.477394 0.459678 0.496331 0.460581 0.494471 0.475121 0.474689 0.473881
1 0.499375 0.460581 0.517550 0.460018 0.519410 0.473881 0.500473 0.475121
1 0.521861 0.460918 0.540631 0.459905 0.541645 0.473881 0.522708 0.474444
1 0.397419 0.475234 0.415172 0.475910 0.413482 0.491353 0.395475 0.490000
1 0.416101 0.477827 0.435801 0.478053 0.434026 0.493043 0.414664 0.491692
1 0.438590 0.477263 0.458794 0.476700 0.456935 0.492819 0.436815 0.490676
1 0.462093 0.477713 0.481030 0.477827 0.480353 0.493156 0.460824 0.492593
1 0.484072 0.478277 0.502757 0.477940 0.503009 0.493495 0.484072 0.494172
1 0.508505 0.478390 0.527105 0.478616 0.526090 0.492819 0.507321 0.492819
1 0.530575 0.479861 0.549084 0.480193 0.549591 0.495862 0.530231 0.495185
1 0.552805 0.478616 0.572672 0.477487 0.574024 0.494059 0.554749 0.495635
1 0.404942 0.493045 0.424641 0.494509 0.421767 0.509388 0.402323 0.507245
1 0.428108 0.495748 0.447213 0.495635 0.445100 0.510404 0.425149 0.510404
1 0.450341 0.497101 0.469279 0.496312 0.468264 0.510741 0.448904 0.510967
1 0.474182 0.495748 0.493794 0.495635 0.492865 0.510854 0.473505 0.511191
1 0.497515 0.495635 0.516958 0.494509 0.517297 0.509388 0.497683 0.510514
1 0.521861 0.495748 0.540208 0.495525 0.540968 0.511644 0.521524 0.510404
1 0.399109 0.511530 0.419568 0.511980 0.417286 0.526973 0.397081 0.526183
1 0.422105 0.512320 0.441549 0.511080 0.441549 0.525733 0.421597 0.527986
1 0.446537 0.512207 0.464967 0.511754 0.465135 0.526973 0.445015 0.527199
1 0.471138 0.514349 0.489738 0.513783 0.489230 0.529452 0.469446 0.529792
1 0.494556 0.514573 0.514846 0.514913 0.513493 0.530805 0.492865 0.530129
1 0.519242 0.515023 0.537840 0.514913 0.536910 0.530692 0.517382 0.529792
1 0.543335 0.514799 0.563287 0.516152 0.561935 0.532721 0.541476 0.531142
1 0.568783 0.515136 0.588650 0.517616 0.585436 0.533848 0.565316 0.531595
1 0.390606 0.530928 0.409965 0.531605 0.408189 0.549077 0.386547 0.548513
1 0.413769 0.530928 0.434059 0.530928 0.432791 0.548400 0.410895 0.549416
1 0.439470 0.530252 0.460266 0.531944 0.455870 0.550203 0.435073 0.547837
1 0.464408 0.531605 0.485206 0.532731 0.481993 0.551332 0.460858 0.548850
1 0.489603 0.532621 0.510060 0.533974 0.506256 0.552685 0.485714 0.551106
1 0.513611 0.532845 0.533985 0.534311 0.532463 0.552572 0.511497 0.551782
1 0.562052 0.539270 0.583526 0.540509 0.581327 0.557305 0.560363 0.556291
1 0.380544 0.552685 0.402018 0.553925 0.398636 0.571283 0.376655 0.569704
1 0.402780 0.551896 0.424506 0.552572 0.421125 0.571507 0.398974 0.570044
1 0.426111 0.553248 0.444965 0.553369 0.440914 0.571296 0.422139 0.571507
1 0.445133 0.553135 0.468466 0.554035 0.466100 0.573200 0.441076 0.571170
1 0.470411 0.554488 0.489448 0.554295 0.488561 0.572428 0.467309 0.572623
1 0.490176 0.554915 0.510804 0.555818 0.509959 0.573063 0.489163 0.572950
1 0.511819 0.556044 0.534645 0.555931 0.535152 0.573853 0.511312 0.574079
1 0.535405 0.556044 0.557301 0.556381 0.557894 0.575995 0.535660 0.574529
1 0.558654 0.557847 0.579705 0.557960 0.578013 0.575656 0.558401 0.575656
