1 0.408443 0.442094 0.428056 0.442996 0.425181 0.456636 0.405484 0.455396
1 0.429832 0.442883 0.448177 0.442546 0.448347 0.456749 0.429325 0.456973
1 0.451813 0.442320 0.468804 0.441530 0.469988 0.455846 0.452996 0.456973
1 0.473115 0.442094 0.491040 0.440628 0.493152 0.453930 0.475314 0.456296
1 0.497041 0.442207 0.515048 0.441417 0.516063 0.455283 0.497463 0.456409
1 0.517922 0.442433 0.536352 0.440854 0.538127 0.454943 0.518767 0.456636
1 0.539311 0.441757 0.557571 0.439841 0.559938 0.452351 0.541678 0.454493
1 0.559855 0.440741 0.578200 0.439841 0.579975 0.453254 0.561883 0.454606
1 0.410725 0.459792 0.429493 0.461031 0.424759 0.474558 0.406244 0.473092
1 0.431777 0.461368 0.450966 0.461031 0.448937 0.474895 0.430424 0.475460
1 0.455617 0.461368 0.474300 0.461481 0.471426 0.477827 0.453418 0.475234
1 0.477429 0.460581 0.495604 0.460805 0.494082 0.475460 0.475145 0.474784
1 0.498393 0.461368 0.517585 0.460242 0.518600 0.474784 0.499493 0.475684
1 0.521304 0.461708 0.540241 0.460581 0.541086 0.474558 0.522826 0.476247
1 0.398636 0.476134 0.415883 0.478953 0.412840 0.493269 0.395085 0.491353
1 0.415883 0.478727 0.434988 0.478616 0.434904 0.491353 0.414361 0.491579
1 0.439554 0.477150 0.457307 0.477600 0.456885 0.491803 0.437525 0.491692
1 0.462463 0.478616 0.480386 0.478277 0.480303 0.492366 0.460689 0.493269
1 0.484444 0.478953 0.503466 0.478277 0.503129 0.492029 0.484192 0.492593
1 0.507186 0.478840 0.526460 0.479630 0.526292 0.493945 0.506678 0.493945
1 0.531026 0.480306 0.549371 0.481322 0.549456 0.496425 0.529842 0.495748
1 0.553767 0.479856 0.572452 0.478616 0.574057 0.491916 0.554612 0.493043
1 0.406329 0.494848 0.424591 0.497101 0.421377 0.512207 0.402525 0.509614
1 0.427296 0.496764 0.446740 0.497328 0.445218 0.512657 0.424844 0.511867
1 0.451136 0.497665 0.469651 0.497778 0.468721 0.512207 0.449360 0.512094
1 0.474807 0.497215 0.493407 0.496875 0.493322 0.511530 0.473792 0.511754
1 0.497378 0.496425 0.515725 0.496425 0.517245 0.510967 0.497378 0.511644
1 0.521896 0.496199 0.540833 0.496875 0.540326 0.512207 0.520629 0.511644
1 0.399651 0.512657 0.418081 0.511980 0.417236 0.527423 0.397284 0.527876
1 0.422477 0.513107 0.441329 0.511080 0.441584 0.526633 0.421462 0.528439
1 0.447585 0.512207 0.466015 0.511867 0.464747 0.527762 0.445556 0.527649
1 0.470158 0.513897 0.489348 0.513333 0.488418 0.529339 0.468974 0.529678
1 0.495519 0.515136 0.514288 0.515023 0.513189 0.531708 0.493829 0.531708
1 0.519190 0.515023 0.538804 0.515589 0.537282 0.532384 0.516908 0.531031
1 0.543200 0.514799 0.563237 0.516039 0.562052 0.532608 0.541593 0.530918
1 0.568648 0.515023 0.588175 0.517842 0.585893 0.535087 0.565012 0.532158
1 0.389252 0.531481 0.410473 0.531481 0.407259 0.549516 0.385955 0.549180
1 0.414277 0.531595 0.434313 0.531031 0.431777 0.548390 0.411570 0.549403
1 0.440062 0.531368 0.459506 0.532834 0.456970 0.550193 0.435666 0.548390
1 0.464070 0.533284 0.483515 0.533624 0.480556 0.551546 0.460943 0.550530
1 0.490025 0.533398 0.509892 0.535087 0.508115 0.553462 0.485629 0.552335
1 0.514034 0.533735 0.533816 0.535087 0.532548 0.553799 0.511667 0.553122
1 0.561630 0.539486 0.583272 0.541289 0.581412 0.560900 0.559348 0.559097
1 0.380544 0.552672 0.402018 0.553012 0.398129 0.570934 0.375810 0.571047
1 0.401680 0.553122 0.423659 0.552672 0.421377 0.571723 0.400158 0.571047
1 0.425689 0.552672 0.446825 0.553575 0.443951 0.572287 0.421632 0.570820
1 0.447415 0.553688 0.467789 0.555152 0.465592 0.573187 0.444965 0.570934
1 0.469904 0.554928 0.491970 0.554928 0.490108 0.572400 0.467367 0.571497
1 0.492477 0.555041 0.511667 0.555378 0.510060 0.572287 0.490193 0.572060
1 0.512681 0.556168 0.534578 0.556505 0.534070 0.573300 0.511159 0.572963
1 0.535677 0.556957 0.557234 0.557181 0.554867 0.574203 0.534070 0.573639
1 0.557994 0.557744 0.578623 0.558984 0.577778 0.575892 0.554867 0.574992
