1 0.411902 0.433205 0.431015 0.434902 0.427888 0.449444 0.409035 0.448655
1 0.433466 0.434226 0.451728 0.434565 0.449867 0.449781 0.430932 0.449105
1 0.454518 0.435129 0.472186 0.434002 0.472948 0.447639 0.455193 0.449105
1 0.475567 0.435579 0.492730 0.434678 0.494421 0.447189 0.476921 0.449555
1 0.498563 0.435015 0.517330 0.434902 0.518430 0.448655 0.498816 0.449105
1 0.521559 0.435352 0.538974 0.435352 0.539649 0.447865 0.521559 0.449105
1 0.541508 0.435015 0.559431 0.433889 0.561038 0.446399 0.542355 0.448768
1 0.561968 0.434452 0.579637 0.433776 0.583187 0.446399 0.563574 0.447415
1 0.415291 0.452150 0.431522 0.453840 0.426788 0.466916 0.408696 0.465111
1 0.434736 0.454290 0.453248 0.454740 0.450966 0.467253 0.431607 0.466690
1 0.457899 0.454290 0.476582 0.454740 0.474130 0.468832 0.455025 0.467816
1 0.479203 0.453277 0.497718 0.453840 0.495519 0.468832 0.476329 0.467479
1 0.500930 0.454516 0.519275 0.453277 0.521051 0.467593 0.501607 0.469509
1 0.524601 0.454630 0.541933 0.453953 0.542270 0.468719 0.524263 0.468832
1 0.401765 0.467816 0.419095 0.470409 0.416306 0.484951 0.396269 0.481795
1 0.419687 0.470748 0.437525 0.470972 0.436173 0.485064 0.417236 0.483711
1 0.442596 0.469619 0.459759 0.470296 0.458914 0.483148 0.439807 0.482695
1 0.463818 0.470185 0.481825 0.470409 0.481908 0.484048 0.463310 0.483372
1 0.486389 0.471199 0.504396 0.470748 0.505073 0.482809 0.486811 0.483259
1 0.509552 0.471312 0.527899 0.471875 0.527899 0.485628 0.508455 0.484275
1 0.531703 0.472438 0.550723 0.472665 0.550893 0.487431 0.531196 0.487091
1 0.555035 0.472101 0.573042 0.471875 0.574986 0.485064 0.555542 0.486191
1 0.408335 0.485270 0.426231 0.487711 0.424117 0.500862 0.404954 0.497199
1 0.430210 0.488125 0.448810 0.489064 0.446273 0.502215 0.426265 0.500525
1 0.452895 0.488501 0.471564 0.489252 0.469944 0.504187 0.449936 0.502497
1 0.476848 0.488125 0.495235 0.488220 0.495307 0.502310 0.475440 0.501746
1 0.499323 0.488220 0.519049 0.487845 0.518837 0.503719 0.498476 0.504375
1 0.522571 0.487657 0.541310 0.487937 0.541522 0.503624 0.522290 0.503248
1 0.401946 0.502346 0.421038 0.503099 0.419136 0.520383 0.399128 0.518974
1 0.424138 0.502816 0.442878 0.502816 0.443088 0.517469 0.423011 0.518035
1 0.446682 0.503943 0.466618 0.503755 0.466831 0.520288 0.446752 0.520851
1 0.471480 0.504414 0.490220 0.505072 0.490995 0.521415 0.469931 0.521415
1 0.495370 0.506584 0.515027 0.506867 0.514313 0.521510 0.494020 0.521322
1 0.519527 0.506291 0.539817 0.507513 0.537704 0.524892 0.517272 0.523387
1 0.543902 0.507137 0.563910 0.507796 0.562292 0.525923 0.542141 0.524421
1 0.567645 0.507233 0.588216 0.510144 0.585891 0.527991 0.564898 0.525172
1 0.391113 0.522305 0.411233 0.522531 0.409035 0.537636 0.389084 0.537749
1 0.415799 0.522081 0.436258 0.522418 0.433721 0.539889 0.412417 0.538763
1 0.441159 0.521744 0.461618 0.523434 0.457307 0.538763 0.437270 0.536847
1 0.464832 0.523997 0.485459 0.525010 0.481908 0.539666 0.461958 0.538650
1 0.489940 0.523771 0.509975 0.525574 0.507101 0.541242 0.486304 0.540003
1 0.513866 0.525010 0.533816 0.526363 0.532971 0.540679 0.512344 0.539779
1 0.561545 0.531325 0.583441 0.532901 0.581834 0.551613 0.559686 0.548457
1 0.382658 0.542935 0.403455 0.544511 0.398974 0.560067 0.377924 0.559053
1 0.404047 0.543611 0.425266 0.543611 0.423069 0.560293 0.399651 0.558940
1 0.427043 0.543385 0.447840 0.544738 0.445048 0.560743 0.424336 0.560067
1 0.448262 0.544288 0.469311 0.545527 0.466522 0.561870 0.444541 0.560067
1 0.470748 0.545188 0.491715 0.546541 0.489433 0.563223 0.468214 0.560970
1 0.491715 0.545640 0.511244 0.547330 0.506933 0.562773 0.489433 0.561307
1 0.512174 0.547217 0.534745 0.548007 0.531534 0.563336 0.509552 0.562886
1 0.536352 0.548233 0.556219 0.549360 0.554867 0.565702 0.533393 0.564462
