1 0.408667 0.441263 0.427971 0.441826 0.424730 0.455069 0.406271 0.454882
1 0.430789 0.441826 0.448823 0.441919 0.447415 0.456199 0.429379 0.454694
1 0.451782 0.440604 0.469959 0.439478 0.470804 0.454414 0.453333 0.456103
1 0.473974 0.441263 0.491869 0.440604 0.492361 0.454226 0.473623 0.455820
1 0.496377 0.441919 0.515399 0.441355 0.516807 0.454601 0.497222 0.455445
1 0.518287 0.440887 0.537591 0.440604 0.538576 0.454601 0.518146 0.455728
1 0.539352 0.438444 0.558162 0.436659 0.560839 0.451878 0.540831 0.454414
1 0.562037 0.439570 0.579086 0.439007 0.580637 0.451031 0.562249 0.453284
1 0.410363 0.460715 0.428370 0.460941 0.425071 0.475707 0.407319 0.474017
1 0.432342 0.462294 0.452126 0.461842 0.449082 0.475594 0.429552 0.475481
1 0.455760 0.460941 0.474697 0.460715 0.471823 0.476047 0.452886 0.475370
1 0.476979 0.458349 0.496593 0.458462 0.494226 0.474354 0.475289 0.473678
1 0.498538 0.458236 0.518405 0.458236 0.519080 0.474581 0.498960 0.474918
1 0.521532 0.458462 0.540639 0.458349 0.541738 0.474581 0.522463 0.475481
1 0.396667 0.474581 0.417463 0.476721 0.414589 0.492729 0.394045 0.491150
1 0.417294 0.477510 0.436231 0.477287 0.434626 0.492052 0.415266 0.492729
1 0.439360 0.476947 0.457704 0.477173 0.456605 0.492729 0.437500 0.492166
1 0.460833 0.477963 0.481123 0.476610 0.480530 0.492729 0.460579 0.493516
1 0.484334 0.477623 0.502595 0.476497 0.503609 0.493179 0.483997 0.493855
1 0.507838 0.477397 0.527620 0.478526 0.526605 0.494532 0.506404 0.493750
1 0.530494 0.478976 0.550191 0.479426 0.549853 0.496222 0.529986 0.495772
1 0.553573 0.478074 0.573187 0.477287 0.574794 0.493969 0.554419 0.494982
1 0.406219 0.494869 0.424564 0.495658 0.422452 0.510424 0.402500 0.509974
1 0.427523 0.495545 0.447560 0.495545 0.445108 0.510764 0.425241 0.510538
1 0.449419 0.496335 0.470386 0.495885 0.469709 0.512454 0.449082 0.512454
1 0.474105 0.494758 0.497353 0.495208 0.497016 0.510988 0.473260 0.511327
1 0.497776 0.495208 0.516460 0.494982 0.517305 0.511214 0.497946 0.511777
1 0.521449 0.495435 0.540723 0.495208 0.541568 0.511440 0.521024 0.510988
1 0.398949 0.510424 0.418985 0.511664 0.418056 0.528686 0.397174 0.526543
1 0.422197 0.512227 0.441726 0.511777 0.441389 0.527333 0.421860 0.528122
1 0.446038 0.512454 0.467174 0.512230 0.466159 0.528686 0.445193 0.528799
1 0.469456 0.513356 0.489745 0.512341 0.489998 0.529702 0.468949 0.530376
1 0.494649 0.514033 0.515276 0.514370 0.513839 0.531955 0.492450 0.531278
1 0.519165 0.513017 0.540301 0.513470 0.537764 0.532405 0.516630 0.531052
1 0.543260 0.513693 0.563717 0.515273 0.562027 0.534434 0.540469 0.532181
1 0.568368 0.514370 0.589502 0.515723 0.587558 0.534774 0.564732 0.531618
1 0.390071 0.531618 0.410278 0.531391 0.407656 0.549313 0.387029 0.548750
1 0.413659 0.531391 0.434203 0.531052 0.432766 0.548524 0.411630 0.548300
1 0.440035 0.530378 0.460071 0.531955 0.456182 0.550440 0.435471 0.548187
1 0.463708 0.531842 0.484082 0.532858 0.481715 0.551569 0.460833 0.549653
1 0.489323 0.532858 0.509865 0.533534 0.506568 0.551906 0.486109 0.549877
1 0.513501 0.533081 0.533283 0.533194 0.532353 0.552132 0.511809 0.550779
1 0.561943 0.539169 0.582486 0.540635 0.580542 0.557091 0.560513 0.556301
1 0.381136 0.552076 0.401258 0.551962 0.397791 0.571577 0.376065 0.570448
1 0.402525 0.551399 0.423576 0.551849 0.420617 0.571237 0.398721 0.570674
1 0.426788 0.552189 0.447417 0.552639 0.445810 0.570674 0.422054 0.569997
1 0.447840 0.553315 0.468214 0.553765 0.465930 0.571013 0.444626 0.570561
1 0.470496 0.553542 0.490870 0.554895 0.488588 0.572366 0.467789 0.571124
1 0.491123 0.554329 0.511582 0.555118 0.511074 0.571914 0.489433 0.572140
1 0.513866 0.555568 0.535170 0.555568 0.533900 0.573153 0.512934 0.572703
1 0.535507 0.556245 0.556474 0.556921 0.556134 0.575183 0.534662 0.573830
1 0.558756 0.556584 0.579805 0.557034 0.579975 0.576085 0.557656 0.575522
